  distance  queryIdx  trainIdx    imgIdx
      0.32         0        92         0
      0.24         1       100         0
      0.31         2       341         0
      0.25         3       713         0
      0.23         4       123         0
      0.29         5       539         0
      0.05         6         1         0
      0.27         7        50         0
      0.27         8         4         0
      0.29         9       677         0
      0.05        10         7         0
      0.31        11       465         0
      0.29        12       902         0
      0.26        13       677         0
      0.27        14       806         0
      0.05        15        14         0
      0.27        16       189         0
      0.31        17       293         0
      0.31        18       174         0
      0.32        19       889         0
      0.33        20        18         0
      0.30        21       875         0
      0.30        22       154         0
      0.21        23        37         0
      0.33        24       799         0
      0.11        25        18         0
      0.15        26        12         0
      0.24        27        92         0
      0.24        28       315         0
      0.32        29       298         0
      0.25        30        17         0
      0.29        31       802         0
      0.28        32       677         0
      0.25        33        92         0
      0.06        34        23         0
      0.28        35       166         0
      0.27        36        18         0
      0.26        37       452         0
      0.32        38       315         0
      0.20        39        28         0
      0.36        40       555         0
      0.29        41       284         0
      0.36        42       293         0
      0.28        43        23         0
      0.32        44        65         0
      0.30        45       307         0
      0.31        46       310         0
      0.05        47        19         0
      0.03        48        25         0
      0.31        49        25         0
      0.17        50        36         0
      0.26        51       408         0
      0.35        52       228         0
      0.29        53       745         0
      0.32        54       453         0
      0.36        55       706         0
      0.32        56       153         0
      0.25        57       497         0
      0.23        58       711         0
      0.31        59       455         0
      0.30        60       711         0
      0.35        61       245         0
      0.28        62       808         0
      0.30        63       749         0
      0.30        64       749         0
      0.29        65       473         0
      0.25        66        65         0
      0.04        67        39         0
      0.27        68       221         0
      0.29        69       713         0
      0.35        70       966         0
      0.35        71       545         0
      0.28        72       658         0
      0.10        73        58         0
      0.33        74       246         0
      0.07        75        54         0
      0.27        76        35         0
      0.32        77       867         0
      0.31        78        38         0
      0.29        79       310         0
      0.37        80       415         0
      0.26        81       327         0
      0.28        82        62         0
      0.34        83       491         0
      0.30        84       695         0
      0.29        85       713         0
      0.26        86       262         0
      0.36        87       304         0
      0.23        88        60         0
      0.32        89       102         0
      0.32        90       981         0
      0.26        91       139         0
      0.27        92        99         0
      0.33        93       963         0
      0.33        94       687         0
      0.08        95        56         0
      0.30        96       142         0
      0.31        97       120         0
      0.23        98       191         0
      0.30        99       307         0
      0.25       100       157         0
      0.26       101       341         0
      0.10       102        76         0
      0.30       103        18         0
      0.35       104       667         0
      0.29       105       485         0
      0.33       106       581         0
      0.28       107        23         0
      0.31       108       307         0
      0.39       109       678         0
      0.05       110        63         0
      0.04       111        87         0
      0.27       112       510         0
      0.11       113        79         0
      0.28       114       133         0
      0.28       115       749         0
      0.24       116       943         0
      0.21       117        83         0
      0.28       118       102         0
      0.29       119       987         0
      0.26       120       825         0
      0.28       121       153         0
      0.27       122       711         0
      0.07       123       116         0
      0.33       124       100         0
      0.31       125       293         0
      0.21       126       145         0
      0.05       127       103         0
      0.31       128       816         0
      0.12       129       102         0
      0.12       130        56         0
      0.29       131       127         0
      0.34       132        75         0
      0.08       133        92         0
      0.30       134       622         0
      0.26       135       558         0
      0.26       136        23         0
      0.04       137       110         0
      0.26       138        56         0
      0.32       139       334         0
      0.12       140       120         0
      0.35       141       963         0
      0.31       142       200         0
      0.17       143       136         0
      0.25       144       657         0
      0.26       145       122         0
      0.24       146       279         0
      0.32       147       265         0
      0.34       148       696         0
      0.39       149       455         0
      0.35       150       931         0
      0.34       151       173         0
      0.33       152       175         0
      0.32       153       969         0
      0.04       154       119         0
      0.34       155        35         0
      0.29       156       914         0
      0.08       157       109         0
      0.26       158       493         0
      0.35       159       323         0
      0.28       160       259         0
      0.14       161       193         0
      0.26       162       201         0
      0.24       163        28         0
      0.35       164       323         0
      0.25       165        68         0
      0.23       166       201         0
      0.24       167        75         0
      0.24       168        62         0
      0.28       169       297         0
      0.09       170       175         0
      0.04       171       148         0
      0.30       172        72         0
      0.27       173       327         0
      0.29       174       679         0
      0.08       175       127         0
      0.31       176         1         0
      0.30       177       386         0
      0.28       178       274         0
      0.20       179        96         0
      0.26       180       289         0
      0.33       181       120         0
      0.33       182       320         0
      0.30       183       838         0
      0.17       184       152         0
      0.28       185       802         0
      0.34       186       687         0
      0.27       187       257         0
      0.11       188       144         0
      0.26       189        26         0
      0.28       190       323         0
      0.30       191       931         0
      0.36       192       962         0
      0.18       193       429         0
      0.31       194       409         0
      0.09       195       179         0
      0.34       196        95         0
      0.34       197       100         0
      0.32       198       223         0
      0.24       199       216         0
      0.26       200        54         0
      0.32       201       674         0
      0.33       202       207         0
      0.27       203       147         0
      0.34       204       416         0
      0.27       205       300         0
      0.28       206       201         0
      0.28       207       377         0
      0.28       208       326         0
      0.32       209       651         0
      0.30       210       228         0
      0.31       211       714         0
      0.22       212       129         0
      0.11       213       229         0
      0.21       214       429         0
      0.37       215       138         0
      0.33       216       365         0
      0.26       217       658         0
      0.31       218       149         0
      0.34       219       553         0
      0.35       220       291         0
      0.07       221       217         0
      0.33       222       491         0
      0.18       223       295         0
      0.20       224       635         0
      0.29       225         7         0
      0.07       226       177         0
      0.33       227       717         0
      0.31       228       781         0
      0.24       229       451         0
      0.28       230        23         0
      0.27       231       234         0
      0.15       232       274         0
      0.40       233       830         0
      0.21       234       223         0
      0.05       235       219         0
      0.33       236       318         0
      0.32       237       228         0
      0.26       238        54         0
      0.33       239       407         0
      0.22       240       206         0
      0.28       241       619         0
      0.39       242       355         0
      0.03       243       182         0
      0.40       244       994         0
      0.28       245       201         0
      0.26       246        54         0
      0.35       247       953         0
      0.28       248       391         0
      0.04       249       158         0
      0.31       250       543         0
      0.33       251       633         0
      0.33       252       293         0
      0.29       253       930         0
      0.32       254        81         0
      0.31       255        56         0
      0.34       256       290         0
      0.17       257       158         0
      0.28       258       104         0
      0.34       259       570         0
      0.26       260       264         0
      0.22       261       942         0
      0.30       262       564         0
      0.03       263       246         0
      0.26       264        68         0
      0.33       265       151         0
      0.31       266        88         0
      0.34       267       127         0
      0.14       268       254         0
      0.05       269       239         0
      0.21       270       197         0
      0.26       271       217         0
      0.05       272       248         0
      0.14       273       296         0
      0.30       274       280         0
      0.19       275       544         0
      0.04       276       293         0
      0.08       277       227         0
      0.28       278       538         0
      0.26       279        23         0
      0.29       280       740         0
      0.06       281       262         0
      0.33       282       315         0
      0.24       283       139         0
      0.06       284       349         0
      0.34       285       356         0
      0.07       286       281         0
      0.30       287       415         0
      0.22       288       370         0
      0.28       289       257         0
      0.30       290       493         0
      0.10       291       290         0
      0.32       292       971         0
      0.13       293       277         0
      0.34       294       493         0
      0.21       295       153         0
      0.24       296       389         0
      0.29       297       543         0
      0.16       298       221         0
      0.29       299       356         0
      0.06       300       249         0
      0.30       301       198         0
      0.08       302       265         0
      0.28       303       498         0
      0.19       304       285         0
      0.31       305        15         0
      0.37       306       632         0
      0.21       307       205         0
      0.27       308       326         0
      0.31       309       302         0
      0.32       310       648         0
      0.33       311       603         0
      0.32       312       261         0
      0.19       313       252         0
      0.09       314       340         0
      0.29       315       654         0
      0.16       316       317         0
      0.28       317       427         0
      0.17       318       635         0
      0.07       319       268         0
      0.06       320       294         0
      0.36       321       872         0
      0.08       322       252         0
      0.21       323       191         0
      0.33       324       577         0
      0.31       325       244         0
      0.34       326       412         0
      0.35       327       120         0
      0.30       328       434         0
      0.26       329        29         0
      0.08       330       297         0
      0.32       331       271         0
      0.06       332       451         0
      0.27       333       366         0
      0.24       334       153         0
      0.10       335       438         0
      0.25       336       429         0
      0.20       337       799         0
      0.09       338       337         0
      0.30       339       370         0
      0.37       340       662         0
      0.26       341       335         0
      0.26       342       889         0
      0.30       343       143         0
      0.35       344       231         0
      0.30       345       943         0
      0.06       346       333         0
      0.33       347        66         0
      0.03       348       323         0
      0.15       349       385         0
      0.05       350       383         0
      0.30       351       740         0
      0.10       352       370         0
      0.27       353       221         0
      0.29       354       460         0
      0.31       355       903         0
      0.35       356       958         0
      0.35       357        42         0
      0.32       358       731         0
      0.43       359        22         0
      0.08       360       408         0
      0.06       361       393         0
      0.24       362       769         0
      0.36       363        23         0
      0.29       364       729         0
      0.28       365       478         0
      0.27       366       303         0
      0.23       367         7         0
      0.07       368       314         0
      0.34       369       257         0
      0.25       370       327         0
      0.41       371       427         0
      0.31       372       492         0
      0.22       373       392         0
      0.27       374        98         0
      0.12       375       310         0
      0.21       376       423         0
      0.07       377       346         0
      0.23       378       713         0
      0.18       379       304         0
      0.32       380       661         0
      0.32       381       889         0
      0.07       382       360         0
      0.28       383       674         0
      0.24       384       153         0
      0.33       385       969         0
      0.34       386        23         0
      0.18       387       153         0
      0.32       388       351         0
      0.05       389       402         0
      0.34       390       122         0
      0.43       391       239         0
      0.23       392       153         0
      0.10       393       436         0
      0.05       394       484         0
      0.29       395       171         0
      0.08       396       389         0
      0.32       397       118         0
      0.37       398       374         0
      0.03       399       400         0
      0.12       400       382         0
      0.22       401       621         0
      0.24       402       975         0
      0.14       403       405         0
      0.37       404       649         0
      0.28       405       883         0
      0.26       406       482         0
      0.26       407       961         0
      0.36       408       349         0
      0.20       409       930         0
      0.33       410       107         0
      0.20       411       430         0
      0.34       412       127         0
      0.07       413       441         0
      0.33       414       231         0
      0.30       415       169         0
      0.12       416       394         0
      0.23       417       740         0
      0.15       418       386         0
      0.11       419       400         0
      0.36       420       403         0
      0.29       421       728         0
      0.38       422       126         0
      0.37       423        51         0
      0.33       424       881         0
      0.22       425       968         0
      0.35       426       490         0
      0.19       427       153         0
      0.08       428       392         0
      0.33       429       810         0
      0.29       430       325         0
      0.11       431       550         0
      0.25       432        72         0
      0.20       433       423         0
      0.22       434       936         0
      0.22       435       968         0
      0.27       436       448         0
      0.21       437       528         0
      0.27       438        20         0
      0.27       439       114         0
      0.07       440       444         0
      0.32       441       753         0
      0.28       442      1000         0
      0.19       443       489         0
      0.36       444       285         0
      0.05       445       514         0
      0.24       446       357         0
      0.23       447       392         0
      0.30       448       881         0
      0.28       449       153         0
      0.33       450       905         0
      0.28       451       203         0
      0.32       452       190         0
      0.31       453       446         0
      0.20       454       501         0
      0.33       455       425         0
      0.04       456       519         0
      0.27       457       306         0
      0.08       458       433         0
      0.31       459       648         0
      0.31       460       289         0
      0.04       461       564         0
      0.30       462       392         0
      0.34       463       971         0
      0.06       464       463         0
      0.05       465       472         0
      0.37       466       587         0
      0.16       467       336         0
      0.32       468         1         0
      0.08       469       639         0
      0.36       470       842         0
      0.23       471       414         0
      0.36       472       610         0
      0.11       473       506         0
      0.27       474       511         0
      0.27       475       429         0
      0.06       476       470         0
      0.34       477       452         0
      0.27       478       154         0
      0.33       479       257         0
      0.31       480       214         0
      0.33       481       658         0
      0.32       482        87         0
      0.25       483       429         0
      0.30       484       433         0
      0.36       485       531         0
      0.28       486        73         0
      0.09       487       479         0
      0.23       488       392         0
      0.21       489       528         0
      0.34       490       129         0
      0.05       491       528         0
      0.33       492       317         0
      0.04       493       496         0
      0.35       494       176         0
      0.03       495       498         0
      0.05       496       537         0
      0.17       497       978         0
      0.28       498       433         0
      0.35       499       522         0
      0.28       500       440         0
      0.10       501       440         0
      0.28       502       182         0
      0.30       503       203         0
      0.07       504       603         0
      0.12       505       503         0
      0.32       506       518         0
      0.23       507       125         0
      0.09       508       518         0
      0.31       509       691         0
      0.07       510       605         0
      0.30       511       943         0
      0.29       512       539         0
      0.23       513       576         0
      0.27       514       474         0
      0.03       515       620         0
      0.06       516       569         0
      0.29       517       125         0
      0.29       518       153         0
      0.47       519       803         0
      0.31       520       701         0
      0.33       521        76         0
      0.05       522       568         0
      0.36       523       966         0
      0.27       524       538         0
      0.35       525       131         0
      0.13       526       596         0
      0.03       527       705         0
      0.29       528      1006         0
      0.13       529       582         0
      0.20       530       497         0
      0.28       531       356         0
      0.31       532        62         0
      0.30       533       277         0
      0.30       534       413         0
      0.30       535       957         0
      0.29       536       963         0
      0.05       537       545         0
      0.28       538       156         0
      0.11       539       533         0
      0.28       540       103         0
      0.46       541       939         0
      0.32       542       992         0
      0.35       543       775         0
      0.16       544       648         0
      0.24       545       563         0
      0.32       546       307         0
      0.33       547       674         0
      0.30       548       177         0
      0.11       549       530         0
      0.32       550       374         0
      0.22       551       593         0
      0.33       552       232         0
      0.03       553       572         0
      0.13       554       594         0
      0.15       555       580         0
      0.08       556       633         0
      0.25       557       895         0
      0.29       558       957         0
      0.32       559       971         0
      0.10       560       720         0
      0.18       561       153         0
      0.28       562       149         0
      0.09       563       559         0
      0.28       564       627         0
      0.08       565       680         0
      0.27       566       309         0
      0.27       567       212         0
      0.21       568       725         0
      0.09       569       657         0
      0.26       570       731         0
      0.31       571       915         0
      0.28       572       992         0
      0.35       573       866         0
      0.30       574       800         0
      0.12       575       522         0
      0.25       576       130         0
      0.36       577       804         0
      0.28       578       788         0
      0.36       579       664         0
      0.27       580       254         0
      0.04       581       638         0
      0.36       582        69         0
      0.28       583       424         0
      0.30       584       168         0
      0.39       585       225         0
      0.13       586       694         0
      0.07       587       686         0
      0.33       588       243         0
      0.23       589       519         0
      0.17       590       526         0
      0.23       591       153         0
      0.30       592       783         0
      0.29       593       582         0
      0.38       594       102         0
      0.32       595       714         0
      0.32       596       571         0
      0.32       597       589         0
      0.26       598       493         0
      0.09       599       612         0
      0.13       600       682         0
      0.04       601       641         0
      0.34       602       804         0
      0.31       603        80         0
      0.09       604       551         0
      0.31       605       670         0
      0.28       606       389         0
      0.37       607       670         0
      0.33       608       307         0
      0.28       609       622         0
      0.06       610       624         0
      0.12       611       738         0
      0.22       612       309         0
      0.29       613       837         0
      0.25       614      1006         0
      0.38       615       449         0
      0.28       616       246         0
      0.10       617       474         0
      0.28       618       128         0
      0.34       619       854         0
      0.29       620        99         0
      0.35       621       746         0
      0.28       622       543         0
      0.10       623       610         0
      0.28       624       123         0
      0.17       625       684         0
      0.13       626       737         0
      0.03       627       590         0
      0.26       628       621         0
      0.33       629       207         0
      0.33       630       644         0
      0.30       631       118         0
      0.35       632       385         0
      0.15       633       678         0
      0.28       634       396         0
      0.42       635       712         0
      0.34       636       816         0
      0.36       637       727         0
      0.27       638       246         0
      0.36       639       756         0
      0.27       640       568         0
      0.30       641       672         0
      0.15       642       577         0
      0.05       643       527         0
      0.27       644       658         0
      0.27       645      1003         0
      0.31       646       670         0
      0.21       647       680         0
      0.26       648       757         0
      0.26       649       782         0
      0.33       650       126         0
      0.23       651       565         0
      0.29       652       884         0
      0.32       653       121         0
      0.32       654       583         0
      0.26       655       871         0
      0.21       656       710         0
      0.37       657       646         0
      0.29       658       822         0
      0.16       659       799         0
      0.25       660       153         0
      0.22       661       361         0
      0.38       662       845         0
      0.04       663       710         0
      0.36       664        20         0
      0.02       665       765         0
      0.05       666       696         0
      0.19       667       624         0
      0.35       668       925         0
      0.23       669       880         0
      0.26       670       812         0
      0.29       671       195         0
      0.37       672       303         0
      0.23       673       116         0
      0.09       674       668         0
      0.26       675        72         0
      0.17       676       970         0
      0.27       677       626         0
      0.05       678       667         0
      0.29       679       319         0
      0.17       680       820         0
      0.27       681       115         0
      0.25       682       651         0
      0.27       683       656         0
      0.26       684       801         0
      0.31       685       672         0
      0.36       686       221         0
      0.31       687       421         0
      0.34       688       804         0
      0.27       689       153         0
      0.09       690       707         0
      0.27       691        23         0
      0.27       692        18         0
      0.28       693       867         0
      0.25       694       884         0
      0.23       695       988         0
      0.32       696       952         0
      0.38       697       274         0
      0.36       698       555         0
      0.28       699       861         0
      0.35       700       809         0
      0.38       701       547         0
      0.29       702       902         0
      0.32       703       602         0
      0.26       704       194         0
      0.31       705       327         0
      0.20       706       826         0
      0.09       707       861         0
      0.36       708       744         0
      0.03       709       683         0
      0.29       710       568         0
      0.29       711       330         0
      0.17       712       610         0
      0.32       713       245         0
      0.35       714       456         0
      0.29       715       789         0
      0.09       716       665         0
      0.12       717       845         0
      0.34       718       904         0
      0.08       719       867         0
      0.32       720       316         0
      0.35       721       629         0
      0.18       722       748         0
      0.30       723       904         0
      0.24       724       767         0
      0.31       725       895         0
      0.15       726       942         0
      0.08       727       778         0
      0.35       728       589         0
      0.14       729       737         0
      0.22       730       604         0
      0.38       731       792         0
      0.30       732       135         0
      0.27       733       797         0
      0.37       734       770         0
      0.10       735       801         0
      0.26       736       820         0
      0.03       737       774         0
      0.25       738       356         0
      0.14       739       796         0
      0.22       740       884         0
      0.31       741       281         0
      0.28       742       978         0
      0.11       743       651         0
      0.32       744       939         0
      0.14       745       766         0
      0.12       746       751         0
      0.25       747       434         0
      0.24       748       104         0
      0.34       749       712         0
      0.32       750       372         0
      0.32       751       130         0
      0.05       752       911         0
      0.07       753       876         0
      0.23       754       828         0
      0.29       755       353         0
      0.24       756       682         0
      0.37       757        86         0
      0.34       758       804         0
      0.29       759         3         0
      0.25       760       332         0
      0.22       761       978         0
      0.21       762       970         0
      0.32       763       568         0
      0.22       764       704         0
      0.32       765       693         0
      0.24       766       797         0
      0.41       767       107         0
      0.28       768        58         0
      0.25       769       392         0
      0.28       770       254         0
      0.30       771       631         0
      0.05       772       930         0
      0.19       773       819         0
      0.32       774        60         0
      0.32       775       913         0
      0.29       776       923         0
      0.22       777       871         0
      0.37       778       747         0
      0.07       779       837         0
      0.27       780       808         0
      0.34       781       315         0
      0.31       782      1001         0
      0.05       783       950         0
      0.32       784       374         0
      0.17       785       526         0
      0.26       786       493         0
      0.12       787       991         0
      0.24       788       524         0
      0.28       789        38         0
      0.12       790       790         0
      0.28       791       105         0
      0.26       792       587         0
      0.29       793       434         0
      0.23       794       903         0
      0.46       795       913         0
      0.33       796      1000         0
      0.32       797       287         0
      0.29       798       525         0
      0.25       799       309         0
      0.16       800       683         0
      0.15       801       880         0
      0.31       802      1006         0
      0.28       803       185         0
      0.19       804       799         0
      0.34       805       857         0
      0.35       806       330         0
      0.31       807       661         0
      0.39       808       821         0
      0.30       809       562         0
      0.36       810        23         0
      0.30       811       341         0
      0.28       812       127         0
      0.34       813       282         0
      0.34       814       469         0
      0.34       815       547         0
      0.16       816       787         0
      0.04       817       830         0
      0.07       818       948         0
      0.38       819       585         0
      0.24       820       802         0
      0.32       821       903         0
      0.10       822       984         0
      0.16       823       528         0
      0.32       824       127         0
      0.43       825       302         0
      0.05       826       924         0
      0.26       827       942         0
      0.28       828       602         0
      0.27       829       664         0
      0.30       830       781         0
      0.37       831       303         0
      0.29       832        15         0
      0.42       833       470         0
      0.27       834       940         0
      0.18       835       956         0
      0.32       836       370         0
      0.39       837       336         0
      0.18       838       799         0
      0.35       839       971         0
      0.24       840       445         0
      0.26       841       275         0
      0.32       842       674         0
      0.20       843       841         0
      0.06       844       961         0
      0.33       845        31         0
      0.35       846       838         0
      0.20       847       683         0
      0.30       848       883         0
      0.21       849        85         0
      0.20       850       813         0
      0.42       851       512         0
      0.23       852       786         0
      0.06       853       978         0
      0.31       854       375         0
      0.33       855       124         0
      0.36       856       625         0
      0.36       857       371         0
      0.10       858       843         0
      0.16       859       777         0
      0.21       860       902         0
      0.32       861       429         0
      0.08       862       988         0
      0.24       863       897         0
      0.33       864       187         0
      0.23       865       370         0
      0.32       866       108         0
      0.33       867       846         0
      0.32       868        79         0
      0.27       869       234         0
      0.28       870       388         0
      0.16       871       883         0
      0.06       872       885         0
      0.11       873       963         0
      0.29       874       330         0
      0.26       875       379         0
      0.34       876       965         0
      0.28       877       913         0
      0.32       878       353         0
      0.28       879       535         0
      0.27       880       445         0
      0.28       881       841         0
      0.24       882       317         0
      0.24       883       683         0
      0.25       884       317         0
      0.30       885       962         0
      0.21       886       910         0
      0.30       887       130         0
      0.31       888       736         0
      0.34       889       886         0
      0.28       890        36         0
      0.31       891       583         0
      0.37       892       910         0
      0.05       893       970         0
      0.29       894       446         0
      0.20       895       423         0
      0.26       896       988         0
