  distance  queryIdx  trainIdx    imgIdx
      0.30         0         7         0
      0.05         1         6         0
      0.34         2       345         0
      0.29         3       759         0
      0.29         4       283         0
      0.30         5       117         0
      0.31         6        58         0
      0.05         7        10         0
      0.24         8        10         0
      0.27         9         1         0
      0.32        10       526         0
      0.30        11        39         0
      0.15        12        26         0
      0.29        13       135         0
      0.05        14        15         0
      0.29        15       832         0
      0.32        16       582         0
      0.25        17        30         0
      0.11        18        25         0
      0.05        19        47         0
      0.27        20       438         0
      0.33        21       128         0
      0.32        22       188         0
      0.06        23        34         0
      0.29        24       288         0
      0.03        25        48         0
      0.25        26       433         0
      0.27        27        76         0
      0.20        28        39         0
      0.26        29       329         0
      0.35        30       453         0
      0.31        31       426         0
      0.26        32       261         0
      0.23        33        23         0
      0.32        34       480         0
      0.27        35        76         0
      0.17        36        50         0
      0.21        37        23         0
      0.28        38       884         0
      0.04        39        67         0
      0.27        40       316         0
      0.35        41       316         0
      0.32        42       184         0
      0.34        43       277         0
      0.33        44       512         0
      0.40        45       638         0
      0.31        46       457         0
      0.26        47       167         0
      0.33        48       334         0
      0.28        49       367         0
      0.27        50         7         0
      0.33        51       194         0
      0.32        52        81         0
      0.42        53        48         0
      0.07        54        75         0
      0.33        55         2         0
      0.08        56        95         0
      0.28        57       665         0
      0.10        58        73         0
      0.39        59       506         0
      0.23        60        88         0
      0.32        61       223         0
      0.24        62       168         0
      0.05        63       110         0
      0.29        64       367         0
      0.25        65        58         0
      0.33        66       347         0
      0.28        67       760         0
      0.24        68       288         0
      0.34        69       376         0
      0.31        70        25         0
      0.33        71       125         0
      0.25        72       432         0
      0.26        73       314         0
      0.27        74        66         0
      0.18        75         6         0
      0.10        76       102         0
      0.32        77       799         0
      0.33        78       524         0
      0.11        79       113         0
      0.31        80       603         0
      0.28        81       112         0
      0.35        82       844         0
      0.21        83       117         0
      0.30        84        10         0
      0.21        85       849         0
      0.29        86       163         0
      0.04        87       111         0
      0.37        88       113         0
      0.24        89       171         0
      0.21        90       193         0
      0.30        91       101         0
      0.08        92       133         0
      0.28        93       193         0
      0.32        94       685         0
      0.34        95       196         0
      0.20        96       179         0
      0.27        97        28         0
      0.27        98       111         0
      0.27        99        92         0
      0.24       100         1         0
      0.32       101       162         0
      0.12       102       129         0
      0.05       103       127         0
      0.24       104       748         0
      0.28       105       791         0
      0.23       106       137         0
      0.30       107       114         0
      0.28       108       766         0
      0.08       109       157         0
      0.04       110       137         0
      0.31       111       205         0
      0.23       112       111         0
      0.29       113       601         0
      0.27       114       439         0
      0.27       115       681         0
      0.07       116       123         0
      0.36       117       299         0
      0.30       118       631         0
      0.04       119       154         0
      0.12       120       140         0
      0.30       121         7         0
      0.26       122       145         0
      0.23       123         4         0
      0.33       124       855         0
      0.23       125       507         0
      0.32       126       555         0
      0.08       127       175         0
      0.25       128       510         0
      0.22       129       212         0
      0.23       130       428         0
      0.30       131       135         0
      0.28       132       663         0
      0.28       133       114         0
      0.32       134       451         0
      0.28       135       115         0
      0.17       136       143         0
      0.28       137       135         0
      0.28       138        59         0
      0.24       139       283         0
      0.32       140       179         0
      0.35       141       209         0
      0.30       142        96         0
      0.30       143       343         0
      0.11       144       188         0
      0.21       145       126         0
      0.26       146        30         0
      0.22       147       456         0
      0.04       148       171         0
      0.29       149       538         0
      0.31       150       175         0
      0.33       151       624         0
      0.17       152       184         0
      0.18       153       387         0
      0.27       154       334         0
      0.28       155       893         0
      0.28       156       538         0
      0.25       157       100         0
      0.04       158       249         0
      0.25       159       170         0
      0.31       160       225         0
      0.29       161       860         0
      0.26       162       362         0
      0.34       163       112         0
      0.28       164       604         0
      0.27       165       396         0
      0.31       166       536         0
      0.38       167       452         0
      0.30       168       299         0
      0.32       169       345         0
      0.34       170       112         0
      0.29       171       395         0
      0.28       172       584         0
      0.32       173       168         0
      0.31       174        18         0
      0.09       175       170         0
      0.35       176       494         0
      0.07       177       226         0
      0.32       178       289         0
      0.09       179       195         0
      0.26       180       861         0
      0.26       181       137         0
      0.03       182       243         0
      0.31       183       521         0
      0.28       184       271         0
      0.38       185       832         0
      0.30       186        35         0
      0.31       187       875         0
      0.33       188       698         0
      0.26       189       113         0
      0.32       190       452         0
      0.21       191       323         0
      0.31       192       828         0
      0.14       193       161         0
      0.26       194       704         0
      0.28       195       195         0
      0.24       196       601         0
      0.21       197       270         0
      0.30       198       301         0
      0.24       199       337         0
      0.34       200       832         0
      0.23       201       166         0
      0.23       202       735         0
      0.28       203       743         0
      0.27       204        28         0
      0.21       205       307         0
      0.22       206       240         0
      0.28       207       884         0
      0.35       208       444         0
      0.36       209       882         0
      0.34       210       842         0
      0.30       211       727         0
      0.26       212       503         0
      0.29       213       229         0
      0.31       214       480         0
      0.43       215       269         0
      0.24       216       199         0
      0.07       217       221         0
      0.29       218       516         0
      0.05       219       235         0
      0.33       220       395         0
      0.16       221       298         0
      0.28       222       350         0
      0.21       223       234         0
      0.25       224       495         0
      0.34       225       578         0
      0.37       226       349         0
      0.08       227       277         0
      0.29       228       200         0
      0.11       229       213         0
      0.28       230       168         0
      0.27       231       439         0
      0.33       232       552         0
      0.31       233       735         0
      0.27       234       869         0
      0.26       235       376         0
      0.23       236       137         0
      0.28       237       670         0
      0.38       238        78         0
      0.05       239       269         0
      0.36       240       638         0
      0.31       241       480         0
      0.23       242       171         0
      0.31       243       330         0
      0.31       244       325         0
      0.30       245       821         0
      0.03       246       263         0
      0.28       247       138         0
      0.05       248       272         0
      0.06       249       300         0
      0.29       250       893         0
      0.33       251       315         0
      0.08       252       322         0
      0.37       253        78         0
      0.14       254       268         0
      0.35       255         8         0
      0.35       256       457         0
      0.27       257       187         0
      0.28       258        45         0
      0.28       259       160         0
      0.32       260       398         0
      0.25       261       258         0
      0.06       262       281         0
      0.25       263       224         0
      0.20       264       258         0
      0.08       265       302         0
      0.30       266       275         0
      0.28       267       537         0
      0.07       268       319         0
      0.31       269       705         0
      0.25       270       865         0
      0.32       271       331         0
      0.34       272       644         0
      0.37       273       822         0
      0.15       274       232         0
      0.26       275       841         0
      0.42       276       520         0
      0.13       277       293         0
      0.29       278       128         0
      0.24       279       146         0
      0.30       280       274         0
      0.07       281       286         0
      0.32       282       325         0
      0.40       283       116         0
      0.29       284        41         0
      0.19       285       304         0
      0.37       286       570         0
      0.27       287       263         0
      0.31       288        63         0
      0.26       289       180         0
      0.10       290       291         0
      0.28       291       884         0
      0.26       292       213         0
      0.04       293       276         0
      0.06       294       320         0
      0.18       295       223         0
      0.14       296       273         0
      0.08       297       330         0
      0.32       298        29         0
      0.32       299       743         0
      0.27       300       205         0
      0.35       301       854         0
      0.31       302       309         0
      0.27       303       366         0
      0.18       304       379         0
      0.34       305       743         0
      0.27       306       457         0
      0.30       307        45         0
      0.28       308       214         0
      0.22       309       612         0
      0.12       310       375         0
      0.32       311         9         0
      0.29       312       378         0
      0.34       313       353         0
      0.07       314       368         0
      0.23       315        39         0
      0.32       316       720         0
      0.16       317       316         0
      0.29       318       401         0
      0.29       319       679         0
      0.26       320       195         0
      0.28       321       638         0
      0.35       322       873         0
      0.03       323       348         0
      0.38       324        74         0
      0.29       325       430         0
      0.27       326       308         0
      0.25       327       370         0
      0.28       328       597         0
      0.36       329       341         0
      0.28       330        68         0
      0.32       331       134         0
      0.21       332       112         0
      0.06       333       346         0
      0.26       334       257         0
      0.26       335       341         0
      0.31       336       140         0
      0.09       337       338         0
      0.35       338       130         0
      0.29       339       143         0
      0.09       340       314         0
      0.26       341       101         0
      0.29       342       171         0
      0.28       343       884         0
      0.34       344       645         0
      0.35       345       521         0
      0.07       346       377         0
      0.33       347       435         0
      0.25       348       433         0
      0.06       349       284         0
      0.28       350       649         0
      0.30       351       457         0
      0.30       352       682         0
      0.28       353       169         0
      0.27       354       704         0
      0.30       355       522         0
      0.25       356       738         0
      0.24       357       446         0
      0.29       358       748         0
      0.30       359       158         0
      0.07       360       382         0
      0.22       361       661         0
      0.25       362       735         0
      0.29       363       208         0
      0.32       364       743         0
      0.30       365        65         0
      0.27       366       333         0
      0.33       367       397         0
      0.30       368       884         0
      0.25       369       895         0
      0.10       370       352         0
      0.36       371       857         0
      0.32       372       750         0
      0.34       373       503         0
      0.32       374       550         0
      0.28       375       174         0
      0.32       376       574         0
      0.28       377       207         0
      0.24       378       656         0
      0.26       379       875         0
      0.36       380        86         0
      0.34       381       609         0
      0.12       382       400         0
      0.05       383       350         0
      0.37       384       776         0
      0.15       385       349         0
      0.15       386       418         0
      0.18       387       491         0
      0.25       388       465         0
      0.08       389       396         0
      0.25       390       893         0
      0.28       391       248         0
      0.08       392       428         0
      0.06       393       361         0
      0.12       394       416         0
      0.37       395       886         0
      0.28       396       634         0
      0.31       397       879         0
      0.36       398       809         0
      0.30       399       880         0
      0.03       400       399         0
      0.38       401       794         0
      0.05       402       389         0
      0.36       403       389         0
      0.35       404       163         0
      0.14       405       403         0
      0.29       406       367         0
      0.32       407       816         0
      0.08       408       360         0
      0.31       409       123         0
      0.39       410         0         0
      0.34       411       663         0
      0.33       412        44         0
      0.30       413       534         0
      0.23       414       471         0
      0.30       415       287         0
      0.29       416        66         0
      0.35       417        67         0
      0.31       418       618         0
      0.30       419       302         0
      0.27       420       663         0
      0.30       421       451         0
      0.33       422       811         0
      0.20       423       193         0
      0.28       424       583         0
      0.33       425       455         0
      0.27       426       379         0
      0.28       427       317         0
      0.35       428        96         0
      0.18       429       193         0
      0.20       430       411         0
      0.34       431       129         0
      0.27       432       600         0
      0.08       433       458         0
      0.25       434       747         0
      0.29       435       537         0
      0.10       436       393         0
      0.32       437       593         0
      0.10       438       335         0
      0.33       439       896         0
      0.10       440       501         0
      0.07       441       413         0
      0.29       442       656         0
      0.26       443       200         0
      0.07       444       440         0
      0.24       445       840         0
      0.30       446       377         0
      0.39       447       625         0
      0.27       448       436         0
      0.36       449       654         0
      0.39       450       552         0
      0.06       451       332         0
      0.26       452       495         0
      0.32       453        54         0
      0.37       454       891         0
      0.32       455       274         0
      0.27       456       281         0
      0.28       457       844         0
      0.14       458       549         0
      0.34       459        92         0
      0.28       460        67         0
      0.31       461       768         0
      0.36       462       648         0
      0.06       463       464         0
      0.23       464       491         0
      0.31       465        11         0
      0.32       466       394         0
      0.28       467       655         0
      0.44       468       609         0
      0.33       469        64         0
      0.06       470       476         0
      0.38       471       678         0
      0.05       472       465         0
      0.29       473        65         0
      0.10       474       617         0
      0.30       475       598         0
      0.31       476        37         0
      0.35       477       481         0
      0.30       478       354         0
      0.09       479       487         0
      0.28       480       281         0
      0.40       481       725         0
      0.31       482        60         0
      0.33       483       782         0
      0.05       484       394         0
      0.30       485       221         0
      0.27       486       277         0
      0.30       487        63         0
      0.28       488       140         0
      0.19       489       443         0
      0.32       490       469         0
      0.31       491       276         0
      0.31       492       719         0
      0.26       493       158         0
      0.28       494       162         0
      0.42       495       642         0
      0.04       496       493         0
      0.20       497       530         0
      0.03       498       495         0
      0.42       499       745         0
      0.37       500        65         0
      0.20       501       454         0
      0.42       502       768         0
      0.12       503       505         0
      0.33       504       816         0
      0.30       505       402         0
      0.11       506       473         0
      0.34       507       185         0
      0.37       508       818         0
      0.31       509       413         0
      0.27       510       350         0
      0.27       511       474         0
      0.35       512       323         0
      0.28       513       621         0
      0.05       514       445         0
      0.31       515       755         0
      0.35       516       608         0
      0.23       517       568         0
      0.09       518       508         0
      0.04       519       456         0
      0.20       520       399         0
      0.33       521       339         0
      0.12       522       575         0
      0.31       523       401         0
      0.22       524       350         0
      0.29       525       798         0
      0.17       526       785         0
      0.05       527       643         0
      0.05       528       491         0
      0.27       529       704         0
      0.11       530       549         0
      0.12       531       575         0
      0.33       532        81         0
      0.11       533       539         0
      0.22       534       568         0
      0.28       535       879         0
      0.17       536       505         0
      0.05       537       496         0
      0.27       538       524         0
      0.27       539       279         0
      0.33       540       888         0
      0.38       541       520         0
      0.16       542       419         0
      0.28       543       622         0
      0.19       544       275         0
      0.05       545       537         0
      0.34       546       735         0
      0.34       547       815         0
      0.23       548       352         0
      0.17       549       491         0
      0.11       550       431         0
      0.09       551       604         0
      0.37       552       781         0
      0.29       553       504         0
      0.39       554       374         0
      0.33       555       172         0
      0.30       556       271         0
      0.22       557       476         0
      0.26       558       135         0
      0.09       559       563         0
      0.32       560       503         0
      0.32       561       536         0
      0.28       562       730         0
      0.24       563       545         0
      0.04       564       461         0
      0.18       565       600         0
      0.29       566       748         0
      0.12       567       553         0
      0.05       568       522         0
      0.06       569       516         0
      0.35       570        60         0
      0.31       571       736         0
      0.03       572       553         0
      0.21       573       171         0
      0.33       574       208         0
      0.26       575         3         0
      0.23       576       513         0
      0.15       577       642         0
      0.33       578       608         0
      0.36       579       547         0
      0.15       580       555         0
      0.31       581       686         0
      0.13       582       529         0
      0.29       583       115         0
      0.23       584       849         0
      0.31       585       613         0
      0.37       586       668         0
      0.26       587       792         0
      0.34       588       122         0
      0.32       589       611         0
      0.03       590       627         0
      0.35       591       396         0
      0.28       592       656         0
      0.22       593       551         0
      0.13       594       554         0
      0.20       595       419         0
      0.13       596       526         0
      0.15       597       399         0
      0.33       598       201         0
      0.44       599       741         0
      0.33       600       828         0
      0.37       601       638         0
      0.28       602       828         0
      0.07       603       504         0
      0.22       604       730         0
      0.07       605       510         0
      0.36       606       559         0
      0.41       607       716         0
      0.24       608       137         0
      0.29       609       601         0
      0.10       610       623         0
      0.33       611       451         0
      0.09       612       599         0
      0.31       613       430         0
      0.28       614       335         0
      0.31       615       207         0
      0.28       616       350         0
      0.33       617       529         0
      0.27       618       314         0
      0.26       619       413         0
      0.03       620       515         0
      0.22       621       401         0
      0.28       622       609         0
      0.31       623        81         0
      0.06       624       610         0
      0.35       625       183         0
      0.27       626       677         0
      0.28       627       564         0
      0.33       628       682         0
      0.33       629       263         0
      0.27       630       627         0
      0.28       631       743         0
      0.21       632       590         0
      0.08       633       556         0
      0.34       634       535         0
      0.17       635       318         0
      0.33       636       858         0
      0.29       637       880         0
      0.04       638       581         0
      0.08       639       469         0
      0.30       640       850         0
      0.04       641       601         0
      0.37       642       436         0
      0.38       643       540         0
      0.33       644       354         0
      0.30       645       487         0
      0.37       646       657         0
      0.20       647       491         0
      0.16       648       544         0
      0.27       649       707         0
      0.33       650       360         0
      0.11       651       743         0
      0.40       652       247         0
      0.32       653       605         0
      0.29       654       315         0
      0.28       655       641         0
      0.27       656       683         0
      0.09       657       569         0
      0.26       658       217         0
      0.36       659       792         0
      0.39       660        36         0
      0.26       661       401         0
      0.33       662       690         0
      0.25       663       318         0
      0.17       664       154         0
      0.09       665       716         0
      0.31       666        21         0
      0.05       667       678         0
      0.09       668       674         0
      0.30       669       841         0
      0.36       670       557         0
      0.30       671       416         0
      0.30       672       432         0
      0.38       673       552         0
      0.28       674       383         0
      0.36       675       688         0
      0.33       676       263         0
      0.26       677       127         0
      0.15       678       633         0
      0.29       679       174         0
      0.08       680       565         0
      0.34       681       503         0
      0.13       682       600         0
      0.03       683       709         0
      0.17       684       625         0
      0.33       685       486         0
      0.07       686       587         0
      0.33       687       750         0
      0.26       688       323         0
      0.28       689       835         0
      0.30       690       493         0
      0.31       691       509         0
      0.36       692       874         0
      0.30       693       760         0
      0.13       694       586         0
      0.18       695       726         0
      0.05       696       666         0
      0.35       697       107         0
      0.33       698       174         0
      0.27       699       705         0
      0.37       700       702         0
      0.31       701       520         0
      0.34       702       207         0
      0.36       703       844         0
      0.22       704       764         0
      0.03       705       527         0
      0.32       706       743         0
      0.09       707       690         0
      0.37       708       791         0
      0.33       709       512         0
      0.04       710       663         0
      0.23       711        58         0
      0.32       712       891         0
      0.23       713       378         0
      0.29       714       362         0
      0.32       715       284         0
      0.33       716       642         0
      0.25       717       224         0
      0.30       718        63         0
      0.37       719       841         0
      0.10       720       560         0
      0.28       721       704         0
      0.34       722       864         0
      0.29       723       606         0
      0.30       724       101         0
      0.21       725       568         0
      0.34       726        72         0
      0.34       727       232         0
      0.29       728       501         0
      0.29       729       229         0
      0.34       730       140         0
      0.26       731       570         0
      0.33       732       410         0
      0.31       733       522         0
      0.36       734       478         0
      0.37       735       209         0
      0.31       736       888         0
      0.13       737       626         0
      0.12       738       611         0
      0.29       739       288         0
      0.23       740       417         0
      0.37       741       794         0
      0.27       742       889         0
      0.30       743       511         0
      0.35       744       268         0
      0.29       745        53         0
      0.30       746       711         0
      0.31       747       682         0
      0.18       748       722         0
      0.28       749       115         0
      0.32       750       788         0
      0.12       751       746         0
      0.31       752        35         0
      0.32       753       441         0
      0.35       754       699         0
      0.36       755       119         0
      0.36       756       101         0
      0.26       757       648         0
      0.38       758        65         0
      0.30       759       112         0
      0.26       760       133         0
      0.33       761       407         0
      0.22       762       491         0
      0.29       763       812         0
      0.35       764       208         0
      0.02       765       665         0
      0.14       766       745         0
      0.20       767       491         0
      0.35       768       324         0
      0.23       769       822         0
      0.31       770       515         0
      0.28       771       684         0
      0.33       772       560         0
      0.34       773       271         0
      0.03       774       737         0
      0.29       775       649         0
      0.38       776       601         0
      0.16       777       859         0
      0.08       778       727         0
      0.39       779       560         0
      0.31       780       809         0
      0.30       781       830         0
      0.26       782       649         0
      0.25       783       316         0
      0.16       784       581         0
      0.33       785       260         0
      0.23       786       852         0
      0.16       787       816         0
      0.28       788       578         0
      0.29       789       715         0
      0.12       790       790         0
      0.37       791       326         0
      0.36       792       352         0
      0.31       793       389         0
      0.37       794       683         0
      0.28       795       513         0
      0.14       796       739         0
      0.22       797       801         0
      0.37       798       580         0
      0.16       799       659         0
      0.27       800       140         0
      0.10       801       735         0
      0.28       802        62         0
      0.36       803       148         0
      0.30       804       185         0
      0.30       805       366         0
      0.23       806       416         0
      0.38       807       269         0
      0.27       808       780         0
      0.31       809       690         0
      0.33       810       429         0
      0.33       811        60         0
      0.26       812       670         0
      0.29       813       115         0
      0.24       814       323         0
      0.39       815       465         0
      0.28       816        60         0
      0.33       817       314         0
      0.31       818       649         0
      0.19       819       773         0
      0.17       820       680         0
      0.36       821       411         0
      0.29       822       658         0
      0.34       823       526         0
      0.38       824       509         0
      0.25       825       656         0
      0.20       826       706         0
      0.43       827       330         0
      0.23       828       754         0
      0.07       829       581         0
      0.04       830       817         0
      0.26       831       648         0
      0.40       832       731         0
      0.34       833       886         0
      0.30       834        68         0
      0.33       835       433         0
      0.34       836       653         0
      0.07       837       779         0
      0.30       838       183         0
      0.27       839       249         0
      0.30       840       135         0
      0.20       841       843         0
      0.27       842       207         0
      0.10       843       858         0
      0.14       844       419         0
      0.12       845       717         0
      0.37       846       482         0
      0.33       847       142         0
      0.21       848       893         0
      0.21       849       361         0
      0.34       850       844         0
      0.32       851       674         0
      0.30       852       858         0
      0.43       853       811         0
      0.40       854       686         0
      0.29       855       487         0
      0.38       856       201         0
      0.29       857       190         0
      0.34       858       172         0
      0.33       859       358         0
      0.37       860       452         0
      0.09       861       707         0
      0.31       862       711         0
      0.37       863       587         0
      0.33       864       670         0
      0.35       865       869         0
      0.32       866       123         0
      0.08       867       719         0
      0.37       868        60         0
      0.43       869        65         0
      0.36       870        63         0
      0.22       871       777         0
      0.30       872       126         0
      0.30       873       341         0
      0.33       874        12         0
      0.29       875       341         0
      0.07       876       753         0
      0.29       877       743         0
      0.24       878       399         0
      0.28       879       729         0
      0.15       880       801         0
      0.29       881       140         0
      0.27       882       729         0
      0.16       883       871         0
      0.20       884       853         0
      0.06       885       872         0
      0.29       886       694         0
      0.37       887       845         0
      0.29       888       401         0
      0.26       889       342         0
      0.31       890       539         0
      0.30       891       711         0
      0.38       892       558         0
      0.26       893       747         0
      0.52       894       783         0
      0.25       895       557         0
      0.27       896       604         0
      0.24       897       863         0
      0.31       898       789         0
      0.33       899       732         0
      0.24       900       111         0
      0.36       901       790         0
      0.21       902       860         0
      0.23       903       794         0
      0.27       904        34         0
      0.36       905       739         0
      0.37       906       843         0
      0.23       907       704         0
      0.33       908       596         0
      0.35       909       587         0
      0.21       910       886         0
      0.05       911       752         0
      0.38       912       636         0
      0.28       913       877         0
      0.29       914       156         0
      0.31       915       571         0
      0.34       916       459         0
      0.36       917       720         0
      0.28       918       277         0
      0.37       919       153         0
      0.33       920       550         0
      0.33       921       687         0
      0.36       922       583         0
      0.27       923       800         0
      0.05       924       826         0
      0.35       925       668         0
      0.33       926       343         0
      0.38       927       415         0
      0.25       928       513         0
      0.35       929       503         0
      0.05       930       772         0
      0.27       931       841         0
      0.35       932       228         0
      0.37       933       374         0
      0.26       934       456         0
      0.33       935       725         0
      0.22       936       434         0
      0.32       937       653         0
      0.34       938       870         0
      0.44       939       584         0
      0.27       940       834         0
      0.33       941       104         0
      0.15       942       726         0
      0.24       943       116         0
      0.26       944       332         0
      0.33       945       828         0
      0.29       946       801         0
      0.32       947       682         0
      0.07       948       818         0
      0.31       949       353         0
      0.05       950       783         0
      0.19       951       716         0
      0.32       952       612         0
      0.35       953       247         0
      0.38       954       775         0
      0.47       955        71         0
      0.18       956       835         0
      0.29       957       558         0
      0.29       958       401         0
      0.32       959       442         0
      0.38       960       228         0
      0.06       961       844         0
      0.30       962       885         0
      0.11       963       873         0
      0.27       964       727         0
      0.27       965       801         0
      0.35       966        70         0
      0.34       967       323         0
      0.22       968       435         0
      0.32       969       153         0
      0.05       970       893         0
      0.32       971       559         0
      0.32       972       775         0
      0.33       973       675         0
      0.38       974       828         0
      0.24       975       402         0
      0.36       976       670         0
      0.31       977       185         0
      0.06       978       853         0
      0.36       979       725         0
      0.38       980       451         0
      0.32       981        90         0
      0.34       982       703         0
      0.27       983       389         0
      0.10       984       822         0
      0.13       985       581         0
      0.27       986       649         0
      0.29       987       119         0
      0.08       988       862         0
      0.37       989       234         0
      0.35       990       574         0
      0.12       991       787         0
      0.28       992       572         0
      0.30       993       442         0
      0.33       994       134         0
      0.37       995       721         0
      0.31       996        60         0
      0.19       997       726         0
      0.40       998       451         0
      0.36       999       738         0
      0.28      1000       442         0
      0.30      1001       115         0
      0.36      1002       684         0
      0.24      1003       307         0
      0.32      1004       670         0
      0.41      1005       397         0
      0.25      1006       614         0
