  distance  queryIdx  trainIdx    imgIdx
      0.30         0        19         0
      0.12         1         7         0
      0.30         2       335         0
      0.30         3       220         0
      0.30         4        75         0
      0.34         5       277         0
      0.29         6        92         0
      0.25         7         9         0
      0.29         8       612         0
      0.31         9       752         0
      0.06        10        12         0
      0.25        11        54         0
      0.34        12        42         0
      0.14        13        23         0
      0.24        14        18         0
      0.27        15       110         0
      0.05        16        38         0
      0.25        17        45         0
      0.29        18        51         0
      0.29        19        46         0
      0.18        20        25         0
      0.27        21       271         0
      0.09        22        26         0
      0.16        23        42         0
      0.31        24       348         0
      0.26        25       394         0
      0.15        26        46         0
      0.31        27       150         0
      0.04        28        64         0
      0.24        29       212         0
      0.03        30        60         0
      0.27        31        86         0
      0.16        32        56         0
      0.26        33         3         0
      0.36        34       733         0
      0.12        35        67         0
      0.26        36       711         0
      0.27        37       154         0
      0.35        38       561         0
      0.28        39       342         0
      0.28        40         8         0
      0.21        41        18         0
      0.25        42       528         0
      0.11        43        80         0
      0.19        44       116         0
      0.25        45       931         0
      0.31        46        13         0
      0.29        47       173         0
      0.28        48       528         0
      0.33        49       613         0
      0.19        50        18         0
      0.24        51       193         0
      0.31        52        52         0
      0.36        53       469         0
      0.24        54       796         0
      0.42        55        32         0
      0.07        56        91         0
      0.33        57       884         0
      0.30        58       293         0
      0.35        59        27         0
      0.14        60        92         0
      0.07        61        83         0
      0.29        62       154         0
      0.33        63         0         0
      0.28        64       262         0
      0.27        65       464         0
      0.26        66       370         0
      0.32        67       115         0
      0.05        68       112         0
      0.30        69       839         0
      0.31        70       680         0
      0.29        71       343         0
      0.32        72       155         0
      0.42        73       190         0
      0.37        74       415         0
      0.26        75        51         0
      0.09        76       114         0
      0.30        77       390         0
      0.42        78       149         0
      0.26        79       151         0
      0.30        80       469         0
      0.11        81       125         0
      0.27        82       219         0
      0.34        83       744         0
      0.04        84       108         0
      0.25        85       335         0
      0.32        86       727         0
      0.23        87         1         0
      0.28        88       528         0
      0.33        89       126         0
      0.29        90       604         0
      0.37        91       826         0
      0.04        92       119         0
      0.31        93       518         0
      0.29        94       312         0
      0.30        95       111         0
      0.28        96       588         0
      0.28        97       156         0
      0.26        98       512         0
      0.03        99       134         0
      0.30       100       289         0
      0.30       101       706         0
      0.10       102       147         0
      0.22       103         3         0
      0.23       104       250         0
      0.31       105        65         0
      0.30       106       141         0
      0.26       107       110         0
      0.27       108       110         0
      0.21       109       181         0
      0.29       110       532         0
      0.26       111        54         0
      0.31       112       758         0
      0.30       113       680         0
      0.07       114       150         0
      0.28       115       546         0
      0.31       116        27         0
      0.29       117       700         0
      0.28       118       147         0
      0.21       119       519         0
      0.29       120       326         0
      0.29       121       528         0
      0.22       122       913         0
      0.31       123       525         0
      0.27       124       403         0
      0.29       125        88         0
      0.31       126       440         0
      0.28       127        45         0
      0.23       128       769         0
      0.25       129       112         0
      0.33       130       528         0
      0.27       131        91         0
      0.04       132       151         0
      0.18       133       180         0
      0.44       134       305         0
      0.19       135       898         0
      0.36       136       208         0
      0.29       137         3         0
      0.27       138       658         0
      0.31       139       590         0
      0.29       140       346         0
      0.18       141       247         0
      0.33       142        70         0
      0.25       143       794         0
      0.32       144        50         0
      0.37       145        64         0
      0.05       146       243         0
      0.11       147       187         0
      0.08       148       190         0
      0.06       149       160         0
      0.27       150        91         0
      0.10       151       152         0
      0.20       152       216         0
      0.07       153       172         0
      0.22       154       206         0
      0.29       155       348         0
      0.04       156       229         0
      0.30       157       152         0
      0.26       158       199         0
      0.24       159       158         0
      0.32       160       545         0
      0.28       161       804         0
      0.38       162       662         0
      0.34       163       900         0
      0.34       164        21         0
      0.19       165       146         0
      0.29       166       658         0
      0.22       167       379         0
      0.34       168       346         0
      0.28       169       280         0
      0.32       170       298         0
      0.25       171       527         0
      0.27       172       865         0
      0.27       173       816         0
      0.33       174       628         0
      0.25       175       575         0
      0.40       176         0         0
      0.25       177       172         0
      0.03       178       202         0
      0.05       179       196         0
      0.10       180       186         0
      0.25       181       269         0
      0.18       182       206         0
      0.23       183       335         0
      0.24       184       282         0
      0.30       185       700         0
      0.35       186       933         0
      0.27       187       577         0
      0.04       188       233         0
      0.33       189       907         0
      0.35       190       672         0
      0.24       191       238         0
      0.30       192       464         0
      0.14       193       230         0
      0.06       194       234         0
      0.30       195        88         0
      0.34       196       382         0
      0.36       197       205         0
      0.27       198       603         0
      0.28       199       307         0
      0.20       200       285         0
      0.31       201       810         0
      0.23       202       283         0
      0.31       203       223         0
      0.27       204       472         0
      0.19       205       236         0
      0.25       206       263         0
      0.31       207       197         0
      0.24       208       711         0
      0.23       209       171         0
      0.14       210       228         0
      0.32       211       558         0
      0.21       212       241         0
      0.27       213       691         0
      0.27       214       680         0
      0.27       215       517         0
      0.34       216       466         0
      0.27       217        95         0
      0.30       218       617         0
      0.33       219        81         0
      0.35       220       751         0
      0.26       221       402         0
      0.39       222       144         0
      0.33       223        11         0
      0.28       224       599         0
      0.29       225       931         0
      0.25       226        46         0
      0.27       227       700         0
      0.28       228       870         0
      0.33       229       528         0
      0.31       230        36         0
      0.07       231       262         0
      0.25       232       594         0
      0.26       233       186         0
      0.30       234       648         0
      0.32       235        85         0
      0.20       236       206         0
      0.29       237       447         0
      0.33       238       244         0
      0.18       239       207         0
      0.06       240       328         0
      0.39       241       632         0
      0.31       242        97         0
      0.31       243       222         0
      0.29       244       532         0
      0.08       245       255         0
      0.31       246       315         0
      0.29       247       575         0
      0.29       248       190         0
      0.26       249       368         0
      0.27       250       898         0
      0.38       251        90         0
      0.30       252       148         0
      0.11       253       272         0
      0.32       254       279         0
      0.34       255       255         0
      0.25       256       255         0
      0.30       257       320         0
      0.31       258       197         0
      0.29       259       403         0
      0.31       260       887         0
      0.30       261        96         0
      0.32       262       222         0
      0.29       263       561         0
      0.26       264       276         0
      0.26       265       411         0
      0.34       266       703         0
      0.32       267       582         0
      0.24       268       743         0
      0.29       269       713         0
      0.27       270       929         0
      0.23       271       151         0
      0.28       272       528         0
      0.35       273       382         0
      0.31       274       384         0
      0.26       275       395         0
      0.27       276       185         0
      0.27       277       127         0
      0.30       278       141         0
      0.33       279       892         0
      0.32       280       517         0
      0.34       281       738         0
      0.32       282       403         0
      0.25       283       618         0
      0.29       284       138         0
      0.32       285       514         0
      0.42       286       738         0
      0.29       287       683         0
      0.14       288       259         0
      0.28       289       419         0
      0.17       290       354         0
      0.32       291       625         0
      0.31       292       829         0
      0.21       293       324         0
      0.07       294       325         0
      0.03       295       329         0
      0.28       296       107         0
      0.30       297       931         0
      0.32       298       364         0
      0.29       299       542         0
      0.08       300       298         0
      0.32       301       910         0
      0.39       302       437         0
      0.35       303       550         0
      0.07       304       291         0
      0.31       305       276         0
      0.36       306        52         0
      0.31       307       550         0
      0.15       308       323         0
      0.31       309       918         0
      0.27       310       924         0
      0.22       311       450         0
      0.24       312       458         0
      0.35       313        89         0
      0.35       314       477         0
      0.30       315       262         0
      0.35       316        62         0
      0.31       317         7         0
      0.03       318       377         0
      0.31       319       323         0
      0.10       320       333         0
      0.29       321       769         0
      0.29       322       891         0
      0.22       323       451         0
      0.27       324       727         0
      0.27       325       618         0
      0.30       326        73         0
      0.37       327       628         0
      0.23       328       290         0
      0.09       329       390         0
      0.33       330       550         0
      0.22       331       352         0
      0.30       332       603         0
      0.29       333       532         0
      0.32       334       719         0
      0.25       335       703         0
      0.06       336       308         0
      0.32       337       401         0
      0.32       338       764         0
      0.04       339       295         0
      0.23       340       131         0
      0.06       341       388         0
      0.25       342       686         0
      0.06       343       369         0
      0.11       344       378         0
      0.08       345       322         0
      0.34       346        27         0
      0.33       347       125         0
      0.40       348       754         0
      0.31       349       647         0
      0.19       350       372         0
      0.35       351       863         0
      0.19       352       364         0
      0.32       353       416         0
      0.26       354       746         0
      0.28       355       390         0
      0.06       356       280         0
      0.33       357        65         0
      0.31       358       530         0
      0.35       359       377         0
      0.27       360       379         0
      0.27       361       664         0
      0.31       362       434         0
      0.29       363       569         0
      0.04       364       381         0
      0.28       365       798         0
      0.31       366       741         0
      0.21       367        70         0
      0.25       368       262         0
      0.29       369       687         0
      0.27       370       730         0
      0.42       371       609         0
      0.36       372       109         0
      0.37       373       764         0
      0.32       374       738         0
      0.32       375       105         0
      0.32       376       464         0
      0.16       377       360         0
      0.25       378       898         0
      0.23       379       408         0
      0.30       380       931         0
      0.36       381       505         0
      0.34       382        60         0
      0.29       383       793         0
      0.38       384       473         0
      0.36       385       240         0
      0.36       386        29         0
      0.10       387       391         0
      0.31       388       691         0
      0.13       389       456         0
      0.29       390       133         0
      0.34       391       466         0
      0.11       392       423         0
      0.02       393       405         0
      0.28       394       298         0
      0.36       395       731         0
      0.29       396       198         0
      0.14       397       393         0
      0.25       398       262         0
      0.13       399       399         0
      0.29       400       807         0
      0.27       401       632         0
      0.26       402       529         0
      0.29       403       517         0
      0.31       404       870         0
      0.33       405        47         0
      0.31       406       203         0
      0.41       407       382         0
      0.31       408       108         0
      0.28       409       819         0
      0.32       410       623         0
      0.28       411       629         0
      0.29       412       733         0
      0.28       413       255         0
      0.08       414       433         0
      0.05       415       428         0
      0.31       416       388         0
      0.08       417       384         0
      0.11       418       317         0
      0.20       419       301         0
      0.10       420       496         0
      0.21       421       500         0
      0.29       422       377         0
      0.34       423       298         0
      0.27       424       777         0
      0.31       425       101         0
      0.33       426       649         0
      0.30       427        54         0
      0.16       428       213         0
      0.30       429       338         0
      0.30       430       730         0
      0.31       431       540         0
      0.30       432       261         0
      0.05       433       417         0
      0.27       434       316         0
      0.30       435       499         0
      0.29       436        60         0
      0.32       437        55         0
      0.05       438       471         0
      0.27       439       733         0
      0.24       440       930         0
      0.30       441       307         0
      0.37       442       303         0
      0.11       443       501         0
      0.08       444       468         0
      0.04       445       461         0
      0.30       446       803         0
      0.31       447       601         0
      0.25       448       262         0
      0.13       449       440         0
      0.41       450       632         0
      0.34       451       793         0
      0.33       452       719         0
      0.14       453       518         0
      0.27       454       511         0
      0.31       455       736         0
      0.26       456        26         0
      0.06       457       566         0
      0.38       458       743         0
      0.07       459       432         0
      0.30       460       272         0
      0.09       461       507         0
      0.29       462       798         0
      0.30       463       840         0
      0.28       464       209         0
      0.23       465       475         0
      0.17       466       386         0
      0.34       467       661         0
      0.31       468       624         0
      0.30       469       198         0
      0.36       470       891         0
      0.22       471       540         0
      0.34       472       930         0
      0.27       473       390         0
      0.21       474       301         0
      0.34       475       160         0
      0.31       476       899         0
      0.32       477       728         0
      0.22       478       455         0
      0.21       479       386         0
      0.32       480       770         0
      0.26       481       472         0
      0.08       482       490         0
      0.31       483       466         0
      0.07       484       458         0
      0.35       485       618         0
      0.15       486       494         0
      0.33       487        59         0
      0.37       488       415         0
      0.26       489       233         0
      0.29       490       662         0
      0.36       491       538         0
      0.04       492       451         0
      0.11       493       480         0
      0.26       494       601         0
      0.08       495       562         0
      0.09       496       439         0
      0.30       497        27         0
      0.24       498       473         0
      0.16       499       466         0
      0.30       500       898         0
      0.14       501       301         0
      0.43       502       307         0
      0.26       503       653         0
      0.35       504       378         0
      0.31       505       271         0
      0.36       506       348         0
      0.43       507       716         0
      0.12       508       435         0
      0.24       509       509         0
      0.37       510       842         0
      0.30       511       233         0
      0.29       512        50         0
      0.35       513       928         0
      0.10       514       544         0
      0.29       515       744         0
      0.16       516       514         0
      0.05       517       482         0
      0.35       518       777         0
      0.33       519       118         0
      0.20       520       417         0
      0.36       521       794         0
      0.28       522        61         0
      0.34       523       296         0
      0.26       524       531         0
      0.15       525       520         0
      0.32       526       511         0
      0.31       527       773         0
      0.31       528       666         0
      0.38       529       276         0
      0.20       530       413         0
      0.10       531       498         0
      0.29       532       298         0
      0.39       533       814         0
      0.24       534       764         0
      0.31       535       730         0
      0.15       536       585         0
      0.28       537       731         0
      0.35       538       794         0
      0.04       539       509         0
      0.22       540       177         0
      0.20       541        15         0
      0.33       542       180         0
      0.32       543       399         0
      0.16       544       451         0
      0.07       545       519         0
      0.25       546       683         0
      0.22       547       796         0
      0.37       548       655         0
      0.27       549       920         0
      0.10       550       486         0
      0.32       551       746         0
      0.26       552       321         0
      0.34       553       525         0
      0.31       554       117         0
      0.13       555       515         0
      0.11       556       517         0
      0.32       557       274         0
      0.31       558       365         0
      0.29       559       615         0
      0.32       560       426         0
      0.19       561       500         0
      0.29       562       855         0
      0.24       563       579         0
      0.32       564       510         0
      0.27       565       150         0
      0.30       566       593         0
      0.31       567        96         0
      0.10       568       587         0
      0.31       569       296         0
      0.39       570        84         0
      0.14       571       451         0
      0.31       572       276         0
      0.30       573       327         0
      0.34       574       327         0
      0.27       575       559         0
      0.29       576       295         0
      0.13       577       401         0
      0.32       578       836         0
      0.06       579       502         0
      0.04       580       569         0
      0.35       581       517         0
      0.30       582       571         0
      0.24       583       546         0
      0.31       584       701         0
      0.32       585        55         0
      0.37       586       569         0
      0.24       587       683         0
      0.41       588       484         0
      0.21       589       576         0
      0.08       590       538         0
      0.10       591       548         0
      0.31       592       466         0
      0.37       593        61         0
      0.30       594        58         0
      0.30       595       881         0
      0.32       596       395         0
      0.27       597       108         0
      0.29       598       803         0
      0.03       599       470         0
      0.35       600       576         0
      0.34       601       350         0
      0.15       602       559         0
      0.23       603       393         0
      0.07       604       622         0
      0.22       605       365         0
      0.03       606       579         0
      0.05       607       575         0
      0.30       608       773         0
      0.18       609       369         0
      0.08       610       540         0
      0.26       611       407         0
      0.27       612       335         0
      0.34       613       189         0
      0.27       614       357         0
      0.05       615       674         0
      0.16       616       579         0
      0.37       617       780         0
      0.07       618       545         0
      0.37       619       624         0
      0.28       620       530         0
      0.26       621       792         0
      0.31       622       773         0
      0.36       623       443         0
      0.28       624       110         0
      0.33       625       254         0
      0.41       626       933         0
      0.28       627       210         0
      0.34       628        97         0
      0.07       629       493         0
      0.31       630       223         0
      0.32       631       268         0
      0.21       632       911         0
      0.31       633       891         0
      0.31       634         5         0
      0.30       635       662         0
      0.29       636       378         0
      0.33       637       850         0
      0.13       638       696         0
      0.37       639       739         0
      0.30       640       313         0
      0.34       641       115         0
      0.39       642       568         0
      0.25       643       234         0
      0.06       644       586         0
      0.33       645       489         0
      0.06       646       757         0
      0.28       647       317         0
      0.26       648       718         0
      0.29       649       738         0
      0.04       650       549         0
      0.34       651        55         0
      0.36       652       309         0
      0.35       653       743         0
      0.35       654       262         0
      0.34       655       208         0
      0.22       656       351         0
      0.08       657       560         0
      0.08       658       668         0
      0.31       659       155         0
      0.24       660       696         0
      0.38       661       842         0
      0.13       662       646         0
      0.35       663       795         0
      0.23       664       764         0
      0.30       665       920         0
      0.35       666       688         0
      0.05       667       619         0
      0.06       668       625         0
      0.38       669        97         0
      0.31       670       254         0
      0.29       671       688         0
      0.29       672       117         0
      0.25       673       521         0
      0.20       674       151         0
      0.35       675       739         0
      0.31       676       335         0
      0.03       677       611         0
      0.30       678       629         0
      0.22       679       440         0
      0.30       680       787         0
      0.35       681       601         0
      0.29       682       554         0
      0.30       683       376         0
      0.39       684       702         0
      0.32       685       506         0
      0.27       686       925         0
      0.25       687       386         0
      0.40       688       858         0
      0.35       689       242         0
      0.35       690       903         0
      0.33       691       660         0
      0.30       692       461         0
      0.07       693       652         0
      0.09       694       714         0
      0.17       695       451         0
      0.06       696       683         0
      0.37       697       233         0
      0.26       698       592         0
      0.29       699       512         0
      0.27       700       823         0
      0.31       701       284         0
      0.26       702       233         0
      0.35       703        53         0
      0.32       704       854         0
      0.37       705       606         0
      0.28       706       649         0
      0.27       707       891         0
      0.15       708       731         0
      0.26       709       902         0
      0.16       710       703         0
      0.24       711       584         0
      0.38       712       123         0
      0.30       713       930         0
      0.36       714       242         0
      0.17       715       588         0
      0.14       716       613         0
      0.34       717       915         0
      0.17       718       719         0
      0.17       719       640         0
      0.32       720       649         0
      0.45       721       419         0
      0.34       722       315         0
      0.05       723       612         0
      0.31       724       738         0
      0.31       725       537         0
      0.43       726       370         0
      0.31       727        89         0
      0.31       728       271         0
      0.12       729       736         0
      0.25       730       298         0
      0.39       731       918         0
      0.30       732       854         0
      0.09       733       661         0
      0.28       734       545         0
      0.33       735       207         0
      0.21       736       898         0
      0.08       737       756         0
      0.32       738       241         0
      0.13       739       671         0
      0.44       740       563         0
      0.06       741       820         0
      0.27       742       691         0
      0.29       743       208         0
      0.06       744       636         0
      0.29       745       866         0
      0.29       746       911         0
      0.31       747       792         0
      0.30       748       652         0
      0.09       749       594         0
      0.11       750       604         0
      0.12       751       776         0
      0.47       752       765         0
      0.21       753       655         0
      0.19       754       752         0
      0.07       755       624         0
      0.05       756       696         0
      0.25       757       655         0
      0.30       758       828         0
      0.33       759       800         0
      0.29       760       535         0
      0.41       761       726         0
      0.18       762       702         0
      0.28       763       666         0
      0.37       764       399         0
      0.29       765       162         0
      0.31       766       298         0
      0.29       767       767         0
      0.13       768       708         0
      0.32       769       173         0
      0.06       770       754         0
      0.05       771       746         0
      0.23       772       764         0
      0.36       773       819         0
      0.27       774       603         0
      0.12       775       656         0
      0.13       776       930         0
      0.11       777       568         0
      0.10       778       804         0
      0.14       779       623         0
      0.32       780       315         0
      0.42       781       697         0
      0.38       782       302         0
      0.28       783       649         0
      0.34       784       617         0
      0.33       785       755         0
      0.21       786       584         0
      0.24       787       778         0
      0.38       788       415         0
      0.29       789       793         0
      0.30       790       483         0
      0.27       791       369         0
      0.27       792       301         0
      0.30       793       365         0
      0.28       794       829         0
      0.37       795       244         0
      0.27       796       883         0
      0.35       797       527         0
      0.31       798       765         0
      0.13       799       775         0
      0.30       800       506         0
      0.29       801       208         0
      0.34       802       857         0
      0.33       803        55         0
      0.14       804       818         0
      0.21       805        41         0
      0.32       806       683         0
      0.10       807       712         0
      0.15       808       819         0
      0.25       809       198         0
      0.29       810       846         0
      0.31       811       697         0
      0.18       812       830         0
      0.24       813       537         0
      0.21       814       696         0
      0.30       815       213         0
      0.12       816       743         0
      0.36       817        93         0
      0.10       818       690         0
      0.30       819       903         0
      0.31       820       517         0
      0.02       821       851         0
      0.20       822       368         0
      0.30       823       669         0
      0.36       824       113         0
      0.24       825        26         0
      0.29       826       603         0
      0.22       827       897         0
      0.31       828       150         0
      0.25       829       302         0
      0.31       830       467         0
      0.35       831       798         0
      0.31       832       261         0
      0.33       833       663         0
      0.28       834        55         0
      0.19       835       839         0
      0.30       836       680         0
      0.38       837       329         0
      0.32       838       376         0
      0.08       839       890         0
      0.28       840       464         0
      0.32       841       623         0
      0.27       842       931         0
      0.39       843       734         0
      0.33       844       345         0
      0.29       845       419         0
      0.35       846       106         0
      0.44       847       403         0
      0.28       848       375         0
      0.09       849       769         0
      0.35       850       175         0
      0.32       851       910         0
      0.16       852       801         0
      0.27       853        96         0
      0.16       854       627         0
      0.32       855       506         0
      0.37       856       819         0
      0.36       857       900         0
      0.27       858       789         0
      0.29       859       819         0
      0.32       860       508         0
      0.16       861       386         0
      0.27       862       898         0
      0.23       863       851         0
      0.23       864       816         0
      0.12       865       845         0
      0.09       866       586         0
      0.22       867       603         0
      0.27       868       436         0
      0.33       869       691         0
      0.24       870       722         0
      0.36       871       869         0
      0.35       872       885         0
      0.26       873       824         0
      0.34       874       239         0
      0.27       875        90         0
      0.06       876       829         0
      0.38       877       399         0
      0.06       878       705         0
      0.32       879       686         0
      0.34       880        61         0
      0.15       881       584         0
      0.08       882       782         0
      0.32       883       527         0
      0.30       884       649         0
      0.14       885       759         0
      0.24       886       840         0
      0.35       887       522         0
      0.12       888       579         0
      0.36       889       777         0
      0.33       890       105         0
      0.35       891       567         0
      0.28       892       763         0
      0.37       893       850         0
      0.35       894       678         0
      0.29       895       431         0
      0.38       896       294         0
      0.26       897       846         0
      0.16       898       865         0
      0.37       899       592         0
      0.27       900       898         0
      0.16       901       873         0
      0.35       902       188         0
      0.33       903       929         0
      0.33       904        61         0
      0.25       905       807         0
      0.35       906       162         0
      0.29       907       738         0
      0.34       908       850         0
      0.30       909       435         0
      0.37       910       806         0
      0.27       911       312         0
      0.37       912        34         0
      0.27       913       244         0
      0.33       914        50         0
      0.30       915       424         0
      0.21       916       916         0
      0.02       917       861         0
      0.06       918       840         0
      0.07       919       800         0
      0.06       920       869         0
      0.23       921       721         0
      0.09       922       816         0
      0.41       923       555         0
      0.31       924       738         0
      0.34       925       378         0
      0.29       926       904         0
      0.33       927       864         0
      0.36       928       618         0
      0.28       929       807         0
      0.11       930       707         0
      0.10       931       741         0
      0.39       932       649         0
      0.25       933       789         0
      0.23       934       533         0
      0.30       935        63         0
      0.32       936       326         0
      0.32       937       691         0
      0.29       938        96         0
      0.30       939       789         0
      0.27       940       504         0
      0.24       941       509         0
      0.37       942       899         0
      0.35       943        43         0
      0.38       944       255         0
      0.23       945       212         0
      0.34       946       630         0
      0.37       947       842         0
      0.31       948       390         0
      0.34       949       576         0
      0.04       950       788         0
      0.23       951       696         0
      0.30       952       591         0
      0.36       953       656         0
      0.26       954       691         0
      0.36       955       309         0
      0.27       956       696         0
      0.44       957        97         0
      0.34       958       784         0
      0.31       959       439         0
      0.27       960       312         0
      0.28       961       365         0
      0.32       962       527         0
      0.32       963       738         0
      0.34       964        11         0
      0.34       965       239         0
      0.25       966       853         0
      0.16       967       764         0
      0.26       968        91         0
      0.32       969       854         0
      0.33       970       695         0
      0.13       971       903         0
      0.18       972       286         0
      0.30       973       814         0
      0.28       974       162         0
      0.24       975       517         0
      0.30       976       605         0
      0.35       977       254         0
      0.33       978       162         0
      0.38       979       592         0
      0.34       980       825         0
      0.12       981       880         0
      0.33       982       260         0
      0.27       983       691         0
      0.33       984       588         0
      0.32       985       731         0
      0.18       986       868         0
      0.29       987       457         0
      0.33       988       405         0
      0.36       989       510         0
      0.33       990       236         0
      0.38       991        11         0
      0.30       992       547         0
      0.41       993        31         0
      0.20       994       589         0
      0.04       995       832         0
      0.32       996       649         0
      0.25       997       283         0
      0.28       998       546         0
      0.34       999       758         0
      0.24      1000       280         0
      0.28      1001       826         0
      0.33      1002       475         0
      0.24      1003       386         0
      0.32      1004        55         0
      0.39      1005       805         0
      0.35      1006       220         0
      0.17      1007       586         0
      0.28      1008       393         0
      0.16      1009       386         0
      0.39      1010       461         0
      0.33      1011       891         0
      0.35      1012       508         0
      0.32      1013        97         0
      0.32      1014       907         0
      0.30      1015       519         0
      0.24      1016       648         0
      0.26      1017       935         0
      0.29      1018       738         0
      0.21      1019       584         0
      0.25      1020       386         0
      0.27      1021       870         0
      0.29      1022       636         0
      0.38      1023       299         0
      0.38      1024       749         0
      0.33      1025       849         0
      0.11      1026       840         0
      0.32      1027       849         0
      0.15      1028       386         0
      0.40      1029       254         0
      0.29      1030       584         0
      0.31      1031       273         0
      0.28      1032       636         0
      0.29      1033       854         0
      0.30      1034       257         0
      0.27      1035       807         0
      0.31      1036       805         0
      0.38      1037       860         0
      0.30      1038       830         0
      0.26      1039       909         0
      0.34      1040        31         0
      0.20      1041       731         0
      0.33      1042       116         0
      0.28      1043       550         0
      0.35      1044       547         0
      0.36      1045       679         0
      0.32      1046       761         0
      0.28      1047       851         0
      0.28      1048       603         0
      0.27      1049       824         0
      0.33      1050       547         0
      0.25      1051       834         0
      0.18      1052       932         0
      0.26      1053       647         0
      0.26      1054       843         0
      0.21      1055       579         0
      0.33      1056       666         0
      0.36      1057       287         0
      0.39      1058       299         0
      0.27      1059       322         0
      0.14      1060       579         0
      0.32      1061       746         0
