     index      Pt.x      Pt.y
         0    207.83	    244.83
         1    265.41	    297.40
         2    289.36	    277.61
         3    304.78	    281.91
         4    449.90	    226.21
         5    222.41	    246.56
         6    154.57	    277.70
         7     68.28	    183.60
         8    291.18	    291.49
         9    211.92	    252.26
        10     46.19	    173.96
        11    195.38	    243.34
        12    472.12	    212.28
        13    209.55	    261.38
        14    193.63	    241.73
        15    152.84	    290.44
        16    179.57	    220.72
        17    314.75	    274.33
        18    291.54	    219.68
        19    357.45	    263.43
        20    166.54	    279.98
        21    279.36	    246.26
        22    216.26	    266.76
        23    395.93	    229.74
        24    195.01	    218.58
        25    160.21	    279.76
        26    159.39	    271.00
        27    186.99	    251.81
        28    306.26	    227.20
        29    212.39	    309.31
        30    372.15	    257.04
        31    262.28	    209.59
        32    290.36	    237.88
        33    188.62	    251.42
        34    150.28	    290.97
        35    213.09	    308.82
        36    463.10	    244.47
        37    284.32	    244.85
        38    460.31	    322.44
        39     87.74	    346.13
        40    480.43	    223.32
        41    268.08	    339.42
        42    300.60	    272.28
        43    310.68	    245.14
        44    170.51	    274.80
        45    282.51	    259.13
        46    174.82	    289.95
        47    133.73	    273.50
        48     61.67	    272.02
        49    426.12	    257.52
        50     49.14	    309.10
        51    186.65	    253.24
        52    310.22	    219.83
        53    310.49	    243.85
        54    204.03	    210.21
        55    273.32	    257.76
        56    304.83	    214.12
        57    276.19	    338.64
        58    273.02	    287.38
        59    268.26	    341.73
        60    420.79	    227.08
        61    278.37	    206.28
        62    155.52	    241.24
        63    476.16	    236.90
        64    391.91	    226.25
        65    423.13	    219.68
        66    432.92	    309.77
        67    145.19	    288.33
        68    441.08	    242.73
        69    171.18	    271.39
        70    284.60	    272.68
        71    233.25	    247.14
        72    460.34	    223.03
        73    105.27	    215.04
        74    290.39	    299.10
        75     54.97	    292.50
        76    439.05	    250.12
        77    473.18	    220.32
        78    273.97	    330.39
        79    238.60	    344.70
        80    257.10	    304.68
        81    240.72	    221.01
        82     58.71	    281.44
        83    186.31	    260.07
        84    262.94	    312.29
        85    459.47	    223.34
        86    264.29	    315.25
        87    267.94	    252.95
        88    148.93	    267.19
        89    257.31	    340.04
        90    251.48	    273.41
        91    362.18	    251.51
        92    278.60	    241.06
        93    214.22	    287.87
        94    364.14	    258.59
        95     30.16	    294.75
        96    254.05	    303.13
        97    243.96	    345.26
        98    430.41	    248.76
        99    384.39	    225.45
       100    249.48	    301.45
       101    105.95	    212.47
       102     54.96	    295.97
       103    342.42	    255.62
       104    289.89	    254.57
       105    440.46	    219.73
       106    299.61	    289.52
       107    460.17	    252.65
       108    285.03	    259.10
       109    172.56	    231.07
       110     66.42	    285.91
       111     87.87	    216.41
       112    276.82	    299.17
       113    160.70	    189.64
       114     54.04	    357.76
       115    285.59	    261.17
       116    455.94	    257.47
       117     87.90	    290.25
       118    255.13	    339.82
       119    429.17	    220.87
       120    266.02	    306.22
       121    201.88	    186.50
       122    481.86	    243.79
       123     45.26	    204.83
       124    446.74	    213.80
       125    318.56	    354.57
       126    157.94	    323.07
       127    109.08	    249.08
       128    276.48	    291.93
       129    107.35	    248.79
       130     30.21	    294.09
       131    459.46	    348.96
       132    476.21	    267.02
       133     86.13	    251.26
       134    362.12	    252.56
       135    427.61	    248.10
       136    362.24	    276.30
       137    168.44	    164.16
       138    406.99	    270.59
       139    260.12	    267.50
       140     46.34	    204.71
       141    214.74	    286.66
       142    265.56	    331.21
       143     44.07	    156.58
       144    470.26	    205.75
       145    209.75	    233.15
       146    292.97	    256.97
       147    250.21	    252.47
       148    191.58	    225.14
       149    221.85	    351.29
       150    255.47	    224.05
       151    250.04	    251.57
       152    189.40	    224.92
       153    420.76	    235.96
       154    100.08	    261.46
       155    247.13	    208.31
       156    299.49	    263.57
       157     89.02	    253.02
       158    256.69	    263.88
       159    297.58	    308.24
       160    258.56	    271.32
       161     99.88	    289.11
       162    416.02	    321.70
       163    440.67	    179.23
       164    202.22	    296.74
       165    408.32	    311.03
       166    413.98	    321.97
       167    476.49	    266.71
       168    227.53	    286.16
       169     73.28	    191.54
       170     98.49	    214.05
       171     50.09	    262.76
       172    467.77	    228.85
       173    277.98	    302.70
       174    334.02	    232.81
       175    161.21	    285.30
       176    188.90	    188.68
       177    257.67	    224.03
       178    361.22	    269.51
       179     44.56	    154.00
       180     23.68	    264.12
       181    245.85	    302.50
       182    205.99	    225.25
       183    347.07	    263.32
       184     35.01	    254.88
       185    351.03	    211.12
       186    231.69	    287.53
       187    368.75	    314.04
       188     76.06	    292.33
       189    282.34	    234.50
       190    280.26	    306.14
       191    235.80	    291.17
       192    198.85	    237.80
       193    289.87	    160.28
       194    447.15	    241.85
       195     39.96	    141.01
       196    332.11	    252.92
       197    204.27	    282.52
       198    452.34	    217.44
       199     72.57	    171.65
       200    251.11	    198.36
       201     96.84	    298.89
       202    244.48	    209.13
       203    319.33	    156.73
       204    189.64	    209.96
       205    407.33	    266.17
       206    331.70	    221.48
       207    212.91	    278.01
       208    254.05	    337.37
       209    384.05	    241.73
       210    229.61	    192.60
       211    404.30	    249.32
       212    259.38	    198.72
       213     99.21	    292.16
       214    231.35	    161.63
       215    277.70	    319.71
       216    290.90	    246.99
       217    187.41	    188.56
       218     94.16	    313.21
       219     21.70	    260.67
       220    217.18	    208.48
       221     53.38	    253.89
       222    227.85	    342.75
       223    107.75	    328.32
       224    190.11	    164.19
       225    207.96	    333.82
       226    116.00	    272.32
       227    208.98	    226.53
       228    190.67	    188.95
       229    147.62	    285.29
       230    320.90	    322.78
       231    408.97	    226.24
       232     90.11	    354.13
       233    320.22	    277.89
       234     71.86	    193.04
       235    133.81	    204.68
       236    303.88	    312.79
       237    301.79	    234.25
       238    248.11	    204.90
       239    439.65	    354.23
       240    167.91	    285.65
       241    354.96	    353.79
       242    282.97	    284.70
       243     69.35	    263.54
       244    309.17	    267.31
       245    260.85	    233.26
       246    243.76	    205.34
       247    254.82	    214.26
       248    272.05	    352.20
       249     31.45	    275.43
       250    218.68	    306.12
       251     20.62	    193.76
       252    327.63	    282.41
       253    453.17	    207.32
       254    233.12	    223.94
       255    406.42	    257.55
       256    212.37	    279.72
       257     32.53	    276.28
       258    152.27	    188.84
       259    398.75	    251.23
       260    385.61	    249.24
       261    208.80	    179.90
       262    454.63	    207.93
       263     95.73	    173.27
       264    416.98	    244.42
       265    256.40	    353.71
       266    233.61	    307.35
       267    312.93	    234.05
       268    148.69	    187.88
       269    165.19	    212.31
       270     39.82	    297.87
       271    167.80	    191.81
       272     89.62	    167.82
       273     30.81	    305.67
       274    428.08	    209.02
       275    151.41	    314.19
       276    134.74	    154.51
       277    129.74	    240.29
       278    306.12	    305.69
       279    364.74	    282.79
       280    236.21	    156.28
       281    141.85	    180.73
       282    431.35	    149.43
       283     92.23	    315.96
       284     44.31	    140.37
       285    253.17	    268.04
       286    115.66	    216.80
       287    445.40	    362.01
       288    309.04	    354.18
       289    367.01	    315.16
       290     95.39	    341.90
       291     33.54	    173.23
       292    175.59	    252.20
       293     31.15	    284.76
       294    444.81	    274.01
       295    407.96	    201.40
       296    350.47	    221.78
       297    467.28	    336.03
       298    103.85	    241.36
       299    425.06	    303.23
       300    163.20	    259.99
       301    327.46	    264.09
       302    121.53	    202.16
       303    397.80	    258.71
       304    113.18	    169.74
       305    210.28	    197.87
       306    171.38	    252.41
       307    480.72	    353.21
       308    419.57	    354.59
       309    374.21	    228.07
       310    478.93	    352.38
       311    351.01	    362.76
       312    420.27	    262.25
       313     85.96	    282.28
       314     37.86	    193.45
       315    398.34	    242.87
       316     26.50	    316.91
       317    474.92	    345.54
       318    214.98	    161.27
       319     76.09	    267.49
       320    126.96	    208.91
       321    418.57	    338.13
       322     86.10	    280.27
       323     32.84	    201.47
       324    220.92	    281.91
       325    284.81	    266.20
       326    426.75	    294.69
       327    219.62	    215.25
       328    281.05	    158.52
       329    262.17	    275.48
       330     45.68	    164.93
       331    453.87	    245.95
       332     44.69	    306.58
       333    405.85	    225.34
       334    398.47	    199.82
       335     32.19	    307.49
       336    276.03	    162.88
       337    214.20	    181.09
       338    131.23	    199.26
       339    263.28	    234.75
       340    320.34	    232.95
       341    346.20	    242.96
       342    353.63	    304.21
       343    211.88	    360.48
       344    228.96	    309.76
       345    243.53	    258.05
       346     57.15	    173.65
       347    233.74	    260.98
       348    115.36	    216.81
       349     94.57	    329.66
       350    143.73	    192.94
       351    236.39	    156.26
       352    112.31	    320.22
       353     61.44	    207.78
       354    322.59	    316.42
       355    433.78	    294.25
       356    228.55	    338.97
       357     35.46	    256.74
       358    311.87	    151.50
       359    280.88	    312.82
       360    119.10	    263.24
       361    124.05	    150.05
       362    363.22	    241.19
       363    472.30	    309.13
       364    296.97	    213.69
       365    314.63	    297.93
       366    116.47	    163.90
       367    363.59	    292.50
       368    170.86	    214.69
       369     96.29	    314.92
       370    364.75	    242.96
       371     46.99	    298.00
       372    320.27	    268.66
       373    285.24	    167.89
       374    198.76	    312.74
       375     51.95	    321.28
       376    265.00	    161.43
       377    160.84	    236.57
       378    389.10	    148.24
       379    117.24	    207.00
       380    270.04	    206.91
       381     19.22	    335.50
       382    155.41	    231.09
       383    471.89	    249.08
       384    360.00	    205.63
       385    208.15	    353.94
       386    418.82	    335.16
       387    363.09	    201.96
       388    413.92	    298.87
       389    109.51	    234.24
       390    467.09	    349.99
       391    281.06	    295.04
       392    241.79	    354.07
       393     56.14	    238.12
       394     24.36	    190.70
       395    423.30	    247.53
       396     82.66	    146.29
       397    352.13	    230.17
       398    461.16	    238.46
       399     20.32	    112.74
       400    127.87	    170.95
       401    242.15	    355.74
       402    213.21	    299.12
       403    115.25	    242.34
       404    457.62	    336.84
       405    242.92	    330.45
       406     14.08	    232.11
       407    392.24	    208.77
       408    285.19	    229.28
       409    450.71	    206.72
       410    269.17	    155.14
       411    155.23	    259.06
       412    216.46	    193.05
       413     92.91	    180.67
       414    390.63	    270.27
       415    422.93	    272.18
       416    140.45	    217.79
       417    346.82	    160.71
       418    142.97	    256.63
       419     21.96	    112.80
       420    116.46	    357.86
       421    412.42	    279.57
       422    339.09	    240.88
       423    256.73	    296.08
       424     64.19	    122.14
       425    445.06	    199.45
       426    225.55	    199.31
       427    365.68	    201.93
       428     77.95	    137.01
       429    444.45	    259.44
       430    344.43	    355.69
       431     63.36	    174.50
       432    418.57	    302.28
       433    354.50	    216.14
       434    303.58	    157.43
       435    443.31	    199.54
       436    469.58	    231.86
       437    303.61	    166.63
       438    390.02	    265.41
       439    184.25	    286.03
       440    103.52	    149.70
       441    256.36	    293.47
       442    373.00	    265.65
       443     84.09	    151.41
       444    318.61	    263.98
       445     29.12	    200.19
       446    411.33	    333.74
       447    184.13	    170.81
       448    177.91	    194.95
       449    326.44	    210.41
       450    198.88	    200.53
       451    359.04	    240.93
       452    193.81	    295.86
       453    113.53	    206.87
       454    157.16	    240.04
       455    139.56	    202.52
       456    142.66	    222.96
       457    412.01	    300.51
       458    128.93	    259.84
       459    362.35	    258.45
       460    235.14	    349.22
       461     54.07	    141.21
       462    301.15	    205.02
       463    244.75	    342.38
       464    113.85	    178.63
       465     27.61	    213.44
       466    367.88	    265.76
       467     24.12	    316.57
       468    312.70	    144.08
       469     24.72	    288.46
       470    217.03	    297.98
       471    478.09	    201.31
       472    181.94	    215.44
       473     85.07	    149.25
       474     32.30	    263.86
       475    473.20	    175.72
       476    103.78	    190.85
       477    186.24	    200.34
       478    470.39	    197.52
       479    366.07	    337.11
       480    483.80	    293.68
       481    278.54	    149.11
       482    376.84	    215.28
       483    344.24	    159.36
       484    215.33	    192.54
       485    417.12	    259.27
       486    232.05	    142.89
       487     85.86	    191.24
       488    373.04	    203.31
       489    305.45	    166.42
       490    318.36	    315.01
       491     89.06	    117.92
       492    104.16	    203.95
       493    140.21	    235.04
       494    447.92	    304.30
       495     37.88	    223.20
       496     54.78	    117.04
       497    390.69	    170.30
       498    203.20	    192.44
       499    132.45	    148.20
       500    485.23	    274.88
       501     16.15	    272.98
       502    482.07	    183.59
       503    293.01	    267.60
       504     56.66	    344.25
       505    151.29	    249.83
       506     52.10	    155.19
       507    380.55	    332.00
       508     54.16	    155.43
       509    268.51	    266.62
       510    150.32	    219.05
       511    419.38	    266.48
       512    424.25	    327.46
       513    115.55	    332.14
       514    147.96	    358.64
       515     53.34	    143.46
       516     85.94	    183.78
       517    358.54	    330.04
       518    228.01	    183.97
       519    405.16	    234.76
       520    325.13	    328.44
       521    331.10	    327.33
       522     52.38	    219.17
       523    375.20	    249.62
       524    484.27	    311.65
       525    426.17	    335.67
       526    141.26	    329.22
       527     51.03	    212.46
       528    244.92	    201.07
       529     88.26	    236.90
       530    318.48	    294.25
       531    407.61	    278.12
       532    279.77	    349.10
       533    222.84	    208.99
       534    484.63	    337.75
       535    101.33	    190.65
       536    277.43	    357.20
       537    130.31	    218.16
       538    346.63	    303.93
       539     34.17	    154.30
       540    387.66	    350.21
       541    363.68	    221.77
       542    438.98	    196.85
       543    322.29	    205.65
       544    156.77	    248.03
       545    228.85	    356.65
       546    439.52	    284.64
       547    312.22	    262.10
       548    182.46	    275.44
       549     43.60	    273.21
       550     51.65	    166.01
       551     16.90	    153.57
       552    463.26	    305.74
       553     80.58	    111.09
       554     54.13	    193.77
       555    146.87	    328.42
       556     17.43	    189.79
       557     33.97	    155.70
       558     70.30	    300.60
       559    375.30	    303.64
       560     19.16	    154.12
       561    367.88	    202.89
       562    388.00	    351.57
       563     71.12	    327.76
       564    414.35	    345.70
       565     16.28	    256.94
       566    405.08	    208.16
       567     71.08	    224.78
       568    390.02	    180.23
       569     67.02	    219.20
       570    378.07	    247.43
       571    179.90	    233.09
       572    175.52	    159.68
       573     40.37	    305.98
       574    480.14	    209.14
       575     34.63	    335.38
       576    228.12	    185.61
       577    354.00	    174.30
       578    388.99	    259.13
       579    239.49	    310.49
       580    189.57	    196.77
       581     32.07	    107.63
       582    220.56	    297.01
       583    132.13	    160.70
       584    415.84	    306.05
       585    304.37	    323.02
       586     60.42	    172.65
       587     23.32	    124.76
       588     97.18	    197.20
       589    137.27	    224.04
       590     77.02	    276.10
       591    240.27	    186.63
       592    407.66	    209.25
       593    136.87	    176.38
       594    220.05	    318.89
       595    384.29	    331.20
       596    250.24	    155.95
       597    402.23	    146.47
       598    462.70	    269.98
       599     93.34	    159.21
       600    137.19	    119.91
       601    144.74	    141.29
       602    463.58	    210.23
       603    217.41	    238.67
       604    149.33	    215.36
       605    368.45	    345.72
       606    160.12	    357.95
       607    253.18	    326.43
       608    436.55	    336.78
       609    406.11	    348.38
       610     35.21	    116.93
       611     43.81	    273.09
       612    405.17	    209.89
       613    368.83	    338.16
       614    360.22	    327.04
       615    348.40	    223.77
       616    350.12	    224.62
       617    114.55	    265.83
       618    222.84	    235.35
       619    270.93	    289.83
       620     89.14	    328.40
       621    382.28	    317.10
       622    344.43	    327.90
       623    126.84	    191.93
       624    461.32	    270.04
       625     16.50	    244.78
       626     65.24	    234.16
       627     42.74	    276.99
       628    352.14	    203.56
       629    378.50	    302.68
       630    327.43	    333.32
       631    203.58	    267.92
       632    399.17	    309.19
       633     36.71	    183.30
       634    401.05	    319.78
       635     74.54	    358.14
       636    479.31	    304.17
       637    364.59	    341.86
       638    191.85	    352.55
       639    267.12	    326.29
       640    358.61	    215.59
       641    321.16	    148.99
       642     99.42	    284.49
       643     19.54	    278.95
       644    123.34	    162.19
       645     81.24	    207.32
       646    472.31	    305.09
       647     17.66	    256.53
       648    294.76	    154.06
       649    184.48	    174.69
       650    346.25	    300.94
       651    260.68	    137.33
       652    105.54	    120.11
       653    443.35	    327.65
       654    285.93	    358.28
       655    348.74	    182.03
       656    416.47	    198.99
       657    217.61	    255.81
       658    176.15	    299.85
       659    320.59	    135.75
       660    319.72	    208.74
       661     40.46	    228.16
       662    480.84	    169.73
       663     54.93	    130.01
       664    391.07	    261.01
       665    103.82	    132.65
       666    147.19	    227.12
       667     36.49	    118.05
       668    431.28	    266.00
       669    402.49	    193.05
       670    382.97	    286.38
       671    384.57	    329.34
       672    417.19	    257.33
       673    109.79	    359.22
       674     19.91	    149.59
       675     27.52	    355.28
       676    294.65	    139.15
       677     70.15	    346.07
       678    139.73	    173.01
       679     39.94	    331.25
       680     73.81	    149.63
       681    246.95	    177.57
       682    167.25	    349.26
       683    130.14	    296.72
       684    383.92	    210.09
       685    346.48	    140.47
       686    448.57	    244.86
       687    182.18	    332.47
       688    352.98	    152.32
       689    214.65	    185.92
       690     45.92	    121.72
       691     83.99	    278.14
       692    141.42	    350.35
       693    386.29	    329.91
       694    225.09	    167.90
       695    325.87	    165.98
       696    265.53	    266.17
       697    289.01	    322.91
       698    328.40	    153.80
       699    483.87	    190.87
       700    222.27	    151.29
       701    175.15	    208.01
       702    173.93	    330.80
       703    477.36	    322.44
       704    378.49	    175.89
       705    334.81	    299.46
       706    139.12	    168.22
       707     64.27	    309.33
       708    231.28	    347.55
       709     97.41	    128.09
       710    332.09	    325.38
       711    336.49	    301.98
       712    125.57	    192.76
       713    289.26	    337.88
       714    177.64	    158.65
       715     73.48	    238.91
       716    147.02	    240.79
       717    125.57	    132.11
       718     62.20	    303.97
       719    121.13	    332.41
       720     82.30	    198.34
       721    202.63	    349.02
       722    163.03	    316.92
       723     64.14	    303.93
       724    358.27	    132.57
       725    272.48	    270.07
       726    216.02	    133.29
       727     64.55	    236.85
       728    379.79	    295.46
       729     66.88	    233.33
       730    140.76	    295.39
       731    352.47	    288.39
       732    204.89	    347.29
       733    281.85	    136.36
       734     64.43	    215.70
       735     15.14	    139.35
       736     71.27	    149.71
       737    108.17	    149.39
       738    485.77	    309.33
       739    133.81	    252.20
       740    323.56	    166.10
       741    334.56	    224.20
       742    418.73	    138.56
       743    169.56	    349.83
       744    145.10	    335.76
       745    156.34	    171.71
       746     79.90	    327.73
       747    382.76	    160.53
       748    423.03	    349.00
       749    350.34	    250.03
       750    249.08	    253.19
       751    184.19	    270.78
       752     46.09	    276.78
       753    139.11	    227.08
       754     28.25	    174.67
       755    366.77	    360.81
       756    355.21	    134.91
       757    330.14	    145.66
       758    392.87	    155.71
       759    470.70	    300.27
       760    371.61	    174.81
       761    321.47	    132.15
       762    322.36	    136.55
       763    273.23	    234.23
       764    170.84	    202.81
       765    240.36	    150.96
       766    443.83	    192.52
       767    485.76	    331.05
       768    423.90	    313.67
       769    218.51	    186.23
       770    193.10	    196.00
       771     44.69	    248.29
       772     46.65	    275.33
       773    130.21	    308.11
       774    228.46	    301.44
       775    295.79	    321.11
       776    282.84	    300.51
       777     55.49	    134.68
       778     98.82	    174.90
       779    121.71	    237.98
       780    469.39	    175.93
       781    401.82	    326.88
       782    291.82	    349.92
       783     71.33	    199.92
       784    105.33	    336.31
       785     78.55	    276.23
       786    343.70	    323.06
       787    151.43	    170.08
       788    196.79	    332.34
       789    352.98	    290.81
       790     60.13	    175.72
       791    460.43	    293.23
       792    326.28	    237.29
       793    396.25	    160.11
       794     34.55	    339.79
       795    180.58	    308.11
       796     61.94	    341.82
       797    452.75	    276.61
       798    481.31	    362.54
       799    159.64	    355.09
       800    406.12	    180.48
       801    301.26	    138.09
       802    334.63	    336.62
       803     45.82	    260.72
       804    239.17	    134.19
       805    297.75	    317.07
       806    217.37	    336.69
       807    177.63	    182.38
       808    409.16	    287.12
       809    404.16	    239.81
       810    330.30	    271.23
       811    391.60	    351.92
       812    408.90	    361.35
       813    302.99	    139.12
       814    213.27	    349.19
       815    177.06	    206.67
       816    146.48	    317.50
       817     72.53	    301.09
       818    106.15	    164.56
       819    130.04	    185.52
       820     99.31	    242.35
       821    273.24	    336.65
       822     26.96	    331.56
       823    356.82	    129.06
       824    408.90	    362.55
       825     71.97	    156.60
       826     93.05	    142.01
       827    228.48	    181.24
       828    403.53	    319.92
       829    153.88	    361.62
       830    446.55	    342.68
       831    299.29	    346.78
       832    344.85	    313.37
       833    209.80	    262.17
       834    370.60	    173.14
       835     29.08	    238.71
       836    416.26	    247.39
       837    367.58	    152.41
       838    240.58	    134.25
       839    465.46	    184.56
       840    398.56	    205.92
       841    469.23	    285.98
       842     29.75	    189.03
       843    164.78	    178.11
       844    133.14	    228.36
       845    100.35	    246.50
       846    421.74	    147.51
       847    240.30	    136.36
       848    346.20	    220.86
       849     66.33	    141.64
       850    173.26	    322.92
       851    279.21	    345.13
       852    362.64	    168.28
       853    153.08	    124.36
       854    363.32	    339.84
       855    217.10	    268.44
       856    413.70	    252.66
       857    431.58	    176.69
       858     27.61	    248.82
       859    168.88	    297.52
       860    127.29	    324.83
       861    209.32	    141.50
       862    151.65	    147.29
       863    281.77	    139.13
       864    356.85	    155.82
       865    337.66	    304.58
       866    147.18	    167.45
       867    372.68	    218.57
       868    421.03	    175.61
       869    193.74	    200.25
       870    460.96	    178.53
       871     35.95	    283.17
       872     54.12	    186.78
       873     30.56	    246.99
       874    470.42	    287.31
       875    379.68	    177.96
       876    328.46	    203.25
       877    435.91	    297.81
       878    216.78	    269.54
       879    105.85	    304.82
       880    198.77	    225.18
       881    164.02	    176.56
       882    194.23	    331.63
       883    397.76	    180.75
       884    190.99	    334.29
       885    395.32	    237.64
       886    300.50	    354.85
       887    380.91	    196.92
       888    393.49	    313.58
       889    452.47	    165.31
       890    343.19	    340.08
       891    377.20	    279.20
       892    108.77	    174.55
       893     45.69	    116.74
       894    124.96	    336.03
       895     67.79	    143.58
       896    456.08	    165.16
