     index      Pt.x      Pt.y
         0    382.59	    190.32
         1    468.24	    288.22
         2    313.66	    327.83
         3    172.30	    285.66
         4    173.51	    287.19
         5    189.80	    293.49
         6    178.90	    294.92
         7    361.08	    180.64
         8    248.95	    266.44
         9    300.46	    336.25
        10    466.70	    300.75
        11    101.94	    295.71
        12    309.32	    351.30
        13    473.48	    281.18
        14    277.61	    153.03
        15    103.79	    277.47
        16    446.70	    282.25
        17    208.20	    349.38
        18    283.98	    336.64
        19    239.16	    179.85
        20    474.39	    290.66
        21    284.56	    336.76
        22    464.02	    301.52
        23    374.83	    278.40
        24    399.09	    353.17
        25    132.54	    301.78
        26    361.80	    313.90
        27    296.65	    150.64
        28    372.06	    286.75
        29    182.89	    204.56
        30    458.79	    298.09
        31     94.51	    292.58
        32    367.66	    297.80
        33    215.64	    189.69
        34    155.05	    296.58
        35    462.49	    276.79
        36    146.15	    292.13
        37    255.15	    276.82
        38    485.21	    279.32
        39    234.52	    256.32
        40    121.86	    243.92
        41    263.76	    197.16
        42    251.40	    355.47
        43    379.15	    291.80
        44    343.46	    298.76
        45     74.46	    246.82
        46    140.53	    298.21
        47    256.81	    264.11
        48     87.02	    249.85
        49    287.84	    146.51
        50    263.29	    198.00
        51    252.78	    343.15
        52    118.17	    299.67
        53    302.53	    318.53
        54    266.99	    153.19
        55    239.26	    282.72
        56    476.06	    197.84
        57     84.35	    250.46
        58     17.26	    310.56
        59    240.84	    204.89
        60    400.10	    297.13
        61    367.43	    301.16
        62    343.90	    294.51
        63    456.95	    292.54
        64    224.71	    253.23
        65    120.50	    245.64
        66     64.13	    320.41
        67     39.31	    314.11
        68    399.19	    258.33
        69    294.49	    157.27
        70    310.40	    311.23
        71    199.98	    298.75
        72     60.99	    314.12
        73    125.77	    292.92
        74    227.12	    204.77
        75     31.26	    308.11
        76    420.31	    256.74
        77    224.78	    203.31
        78    125.82	    291.24
        79    168.58	    209.23
        80    186.52	    197.11
        81    401.63	    260.42
        82    256.56	    256.96
        83    301.14	    326.89
        84    421.61	    256.87
        85    307.24	    136.40
        86    285.81	    326.41
        87     22.75	    254.78
        88    357.87	    164.00
        89    172.23	    339.09
        90     51.17	    308.47
        91     43.63	    305.10
        92    484.79	    171.85
        93     53.31	    308.58
        94     32.38	    294.72
        95     75.90	    196.86
        96    264.84	    263.01
        97    193.88	    281.96
        98     18.49	    270.85
        99    412.86	    269.92
       100     97.14	    240.74
       101    313.60	    337.29
       102    475.23	    296.19
       103     15.90	    238.40
       104     76.55	    198.83
       105    319.82	    314.22
       106    200.05	    296.34
       107    207.76	    189.87
       108    205.26	    190.03
       109    221.54	    295.24
       110    133.92	    264.84
       111     21.20	    273.96
       112    323.27	    314.65
       113     59.11	    325.53
       114    388.31	    299.02
       115     30.68	    360.03
       116    240.90	    202.19
       117    259.35	    195.65
       118    476.50	    297.32
       119    257.62	    147.24
       120     81.28	    300.00
       121    215.13	    204.20
       122    127.36	    313.08
       123     87.79	    298.99
       124    471.40	    334.35
       125     22.00	    270.56
       126    308.09	    150.03
       127    175.24	    340.55
       128     83.10	    261.00
       129    289.45	    279.04
       130     15.30	    214.65
       131    473.14	    196.21
       132    363.19	    268.13
       133    428.65	    280.27
       134    348.96	    259.96
       135    256.67	    147.13
       136     70.74	    358.72
       137     79.91	    274.50
       138     45.51	    287.19
       139    176.48	    198.87
       140    277.85	    261.97
       141    137.92	    318.35
       142     13.56	    249.39
       143    320.69	    138.43
       144    239.34	    144.70
       145    155.19	    197.58
       146    345.18	    280.07
       147    335.87	    265.52
       148    335.80	    264.19
       149    449.73	    162.35
       150    146.55	    216.17
       151    358.93	    163.26
       152    352.51	    302.50
       153    367.05	    259.82
       154    317.20	    143.95
       155     83.87	    223.07
       156    382.21	    269.89
       157     85.37	    275.83
       158    214.63	    279.27
       159    310.28	    258.45
       160    212.84	    217.81
       161    219.00	    280.34
       162    409.01	    306.05
       163    112.97	    179.06
       164    422.15	    266.71
       165    411.88	    296.73
       166     65.18	    253.06
       167    221.78	    168.68
       168     88.91	    358.12
       169     52.39	    291.15
       170    478.54	    288.30
       171     57.07	    356.05
       172    254.13	    193.72
       173    256.03	    157.05
       174     41.74	    254.17
       175     51.73	    185.40
       176    261.79	    270.38
       177    483.54	    200.26
       178    439.38	    157.26
       179    401.01	    223.96
       180    411.84	    300.47
       181     25.34	    302.82
       182    466.62	    197.02
       183     23.63	    244.18
       184    214.41	    148.80
       185    249.15	    139.75
       186    205.77	    338.67
       187     85.99	    242.88
       188    456.79	    188.46
       189    251.32	    147.56
       190    224.56	    132.80
       191    482.68	    296.57
       192    184.26	    254.18
       193    463.53	    195.81
       194    345.10	    288.80
       195     23.46	    261.45
       196    327.13	    299.29
       197     87.20	    232.98
       198    228.29	    141.29
       199     25.68	    248.18
       200    398.54	    288.99
       201    251.62	    146.44
       202    416.70	    249.17
       203    305.85	    149.36
       204    270.11	    337.11
       205    385.77	    199.85
       206    398.59	    287.23
       207     87.81	    185.67
       208    104.01	    290.08
       209    107.97	    301.41
       210    461.43	    295.20
       211    237.86	    154.99
       212    428.49	    176.33
       213    137.64	    199.06
       214     59.00	    258.47
       215     75.96	    294.08
       216    412.18	    221.59
       217    236.44	    187.94
       218     85.84	    345.07
       219    311.00	    344.93
       220    292.90	    139.33
       221     96.70	    309.96
       222    405.80	    222.46
       223     15.39	    359.74
       224     43.65	    254.95
       225     56.28	    354.55
       226    215.69	    191.00
       227     40.73	    277.24
       228     83.20	    263.83
       229     97.42	    336.58
       230    235.09	    268.38
       231    339.52	    320.24
       232    240.37	    168.04
       233    411.42	    297.41
       234     86.07	    200.47
       235    233.36	    216.78
       236    468.32	    195.79
       237     46.23	    354.16
       238    311.91	    147.49
       239    401.40	    361.01
       240    364.84	    326.09
       241    322.72	    253.25
       242    337.24	    319.21
       243    394.31	    187.92
       244    419.74	    336.67
       245    360.83	    210.81
       246     53.34	    214.90
       247    223.27	    149.19
       248    448.16	    271.08
       249    246.74	    167.88
       250    256.21	    214.66
       251    162.30	    299.86
       252    168.10	    338.77
       253    355.22	    148.29
       254     75.39	    307.46
       255    241.59	    175.36
       256    359.56	    211.11
       257    162.90	    298.19
       258    141.39	    188.52
       259    406.08	    320.63
       260     40.37	    266.77
       261    465.89	    339.29
       262     41.26	    211.66
       263     81.39	    347.11
       264    325.68	    277.37
       265    170.18	    220.83
       266    158.74	    285.45
       267    374.32	    263.07
       268    259.43	    186.64
       269    407.91	    349.91
       270    266.16	    144.75
       271    252.90	    139.60
       272    175.48	    177.83
       273    326.86	    308.72
       274    140.40	    323.52
       275    204.12	    360.26
       276    173.32	    165.93
       277    177.49	    177.64
       278    104.46	    314.91
       279    107.49	    337.33
       280     56.95	    179.76
       281    319.71	    296.62
       282    244.52	    238.20
       283    101.65	    193.32
       284    168.45	    166.36
       285    183.41	    280.18
       286     96.35	    352.86
       287    175.36	    189.66
       288    344.34	    309.58
       289    185.16	    281.31
       290    477.97	    270.03
       291    334.48	    336.98
       292    322.62	    254.62
       293    445.25	    206.93
       294    403.94	    174.77
       295    410.01	    180.51
       296    323.29	    277.94
       297     89.35	    193.03
       298    423.05	    214.30
       299     25.42	    182.02
       300    357.51	    145.63
       301    236.80	    152.34
       302    214.54	    208.03
       303     92.64	    281.89
       304    431.89	    272.01
       305    205.96	    288.36
       306    109.22	    308.60
       307     51.94	    274.65
       308    435.55	    210.01
       309     35.52	    220.93
       310    254.94	    139.45
       311    476.14	    205.04
       312    254.35	    166.78
       313    235.47	    218.06
       314    243.02	    192.21
       315    283.74	    158.05
       316     30.88	    340.10
       317    252.05	    255.85
       318    428.30	    250.30
       319    232.84	    176.56
       320    469.57	    268.59
       321    218.12	    170.59
       322     69.06	    348.44
       323     40.24	    110.47
       324    106.38	    322.10
       325     10.53	    325.04
       326    189.44	    207.27
       327    228.25	    280.54
       328    385.29	    176.45
       329    443.10	    248.81
       330     92.64	    280.38
       331    295.97	    323.99
       332    107.93	    347.17
       333     71.80	    348.39
       334    248.55	    285.57
       335     68.82	    213.55
       336    408.66	    322.24
       337    225.57	    178.84
       338    257.69	    131.18
       339    360.12	    147.18
       340    308.35	    190.01
       341    392.63	    144.00
       342    105.00	    206.03
       343    337.05	    120.24
       344    422.68	    242.19
       345    406.27	    336.93
       346     24.68	    292.26
       347    284.43	    223.80
       348    384.54	    176.44
       349    108.69	    336.33
       350    480.40	    221.26
       351     82.15	    325.53
       352    424.18	    328.15
       353    322.54	    270.69
       354    158.51	    180.91
       355     56.08	    267.00
       356    356.97	    311.76
       357    236.04	    153.44
       358    211.02	    197.46
       359    266.43	    256.47
       360    137.94	    220.20
       361    358.47	    242.55
       362     80.35	    310.55
       363    149.57	    214.23
       364    447.75	    212.80
       365    315.74	    118.44
       366     47.26	    272.69
       367    123.65	    336.70
       368    341.20	    317.93
       369     64.08	    269.53
       370    126.99	    189.52
       371    236.40	    204.61
       372    360.56	    332.27
       373     96.62	    351.75
       374     67.19	    179.51
       375    286.81	    261.16
       376    219.82	    300.80
       377    369.41	    244.07
       378    253.41	    211.46
       379    164.85	    302.57
       380    104.26	    221.82
       381    320.65	    191.59
       382    226.19	    288.41
       383     48.75	    273.81
       384    271.61	    275.41
       385    119.25	    265.08
       386    271.17	    333.03
       387    336.03	    199.74
       388    192.23	    209.84
       389    486.78	    224.02
       390     74.07	    350.31
       391    292.23	    243.29
       392    442.00	    268.75
       393    399.64	    198.25
       394    195.96	    163.48
       395     67.64	    187.97
       396    122.39	    335.33
       397    458.30	    200.74
       398    130.61	    205.31
       399    348.55	    179.29
       400    322.07	    142.45
       401     85.36	    358.91
       402     64.53	    110.88
       403    322.09	    182.91
       404     88.66	    191.23
       405     59.85	    196.25
       406    220.65	    247.10
       407    397.68	    172.12
       408    322.24	    283.80
       409    260.90	    242.83
       410     82.77	    350.42
       411    214.90	    271.98
       412     97.47	    300.45
       413     89.51	    341.83
       414    456.83	    265.52
       415    397.27	    154.05
       416    245.34	    288.67
       417    346.16	    268.88
       418    346.02	    311.59
       419     25.04	     30.85
       420    330.73	    277.02
       421    142.11	    126.27
       422    268.86	    181.46
       423    182.12	    219.84
       424     54.34	    252.46
       425     45.25	    203.76
       426    262.16	    321.02
       427     82.99	    311.72
       428    464.65	    324.66
       429    271.37	    271.68
       430    237.90	    197.09
       431    283.00	    221.50
       432    180.17	    223.78
       433    429.17	    224.46
       434    124.71	    221.38
       435    427.58	    273.92
       436    267.89	    269.81
       437     62.74	    331.90
       438    440.84	    216.84
       439    271.10	    255.73
       440    115.30	    239.99
       441    114.79	    191.32
       442    191.89	    169.93
       443    389.37	    282.03
       444    443.12	    177.78
       445    371.86	    180.27
       446    455.19	    202.37
       447    296.98	    333.37
       448    275.66	    160.86
       449    406.87	    187.49
       450    268.05	    330.72
       451     56.52	    271.40
       452    250.57	    287.88
       453    347.90	    339.70
       454    430.91	    171.12
       455    272.95	    158.58
       456    314.28	    290.65
       457    333.97	    282.93
       458    113.66	    289.55
       459    370.05	    124.47
       460    102.53	    224.30
       461    475.53	    246.01
       462    263.26	    157.69
       463    183.34	    157.98
       464    162.47	    196.02
       465    365.99	    173.21
       466    116.18	    106.78
       467    164.30	    285.35
       468     51.19	    221.18
       469    229.05	    172.99
       470    465.50	    261.93
       471    127.44	    110.49
       472    352.83	    256.87
       473     98.80	    362.42
       474     41.80	     32.25
       475    245.87	    201.73
       476     22.37	    213.18
       477    244.59	    132.96
       478    453.52	    175.77
       479     65.66	    110.58
       480     25.38	    212.82
       481     34.70	    207.26
       482    469.67	    240.15
       483    290.97	    241.08
       484    418.33	    156.96
       485    264.35	    183.74
       486    369.18	    162.25
       487     48.05	    334.79
       488    397.37	    341.73
       489    174.16	    213.31
       490    283.56	    139.96
       491    125.13	    271.88
       492    404.23	    125.18
       493    454.14	    210.88
       494    177.31	    326.23
       495    431.02	    213.30
       496    339.89	    132.02
       497    224.81	    210.36
       498    303.90	    299.78
       499    427.42	    340.62
       500    148.29	    222.14
       501    174.94	    125.89
       502    229.87	    134.49
       503    304.42	    165.73
       504     24.83	    284.60
       505    198.95	    249.11
       506    172.01	    249.06
       507    352.39	    199.67
       508    328.99	    237.08
       509    299.56	    217.03
       510    132.31	    280.82
       511    215.22	    201.44
       512     73.79	    285.52
       513    196.26	    208.65
       514    357.35	    278.55
       515     27.44	    235.64
       516    367.25	    162.09
       517    352.10	    124.04
       518     24.37	    315.50
       519    400.35	    305.63
       520    429.70	    225.09
       521    208.56	    163.58
       522     50.19	    205.31
       523     72.20	    315.05
       524     91.85	    324.84
       525    440.91	    199.69
       526    128.80	    191.85
       527     57.18	    240.39
       528     55.43	    350.80
       529    254.96	    335.29
       530    377.62	    181.25
       531    453.34	    339.19
       532    149.29	    222.39
       533    133.10	    168.34
       534    111.06	    358.08
       535    144.06	    167.56
       536    454.67	    180.33
       537     57.17	    340.84
       538    107.77	    125.61
       539    342.51	    219.20
       540    376.77	    147.73
       541    454.75	    226.03
       542    317.93	    267.17
       543     57.61	    244.06
       544    138.20	    103.58
       545    460.77	    148.23
       546     92.65	    214.27
       547    152.62	    112.57
       548    138.25	    270.34
       549     89.22	    111.69
       550    401.31	    243.97
       551    102.36	    213.88
       552    100.81	    229.43
       553     59.52	    271.95
       554    411.66	    291.95
       555    459.86	    338.99
       556    379.45	    161.34
       557    207.91	    161.53
       558    178.95	    309.30
       559    133.11	    240.52
       560    105.94	    120.56
       561    174.63	    128.32
       562    138.11	    259.21
       563    252.10	    208.69
       564    176.00	    222.91
       565    158.09	    231.95
       566    236.87	    165.73
       567    122.10	    348.47
       568    382.96	    333.61
       569    157.63	    172.58
       570    270.12	    162.08
       571    136.49	    103.93
       572     23.10	    284.65
       573     39.13	    229.41
       574    106.52	    118.08
       575    415.19	    197.82
       576    472.93	    205.64
       577    338.56	    292.43
       578    454.48	    303.48
       579    375.19	    155.64
       580    361.78	    128.97
       581     43.74	    180.97
       582    258.96	    239.60
       583     12.92	    206.29
       584    256.69	    179.49
       585     22.43	    204.13
       586    250.26	    192.39
       587    140.05	    338.66
       588    105.93	    237.16
       589    349.80	    160.87
       590    331.26	    249.55
       591    428.20	    185.88
       592    368.31	    348.94
       593    186.19	    259.99
       594    305.64	    189.37
       595    157.81	    335.59
       596    322.53	    349.64
       597    287.79	    259.75
       598     23.01	    228.72
       599    369.68	    148.16
       600    129.95	    234.73
       601    464.44	    259.28
       602    417.62	    198.04
       603    460.77	    200.68
       604    351.17	    291.45
       605    181.46	    313.09
       606    395.72	    118.23
       607    370.44	    136.66
       608    144.99	    180.32
       609    295.64	    118.49
       610    453.55	    126.65
       611    198.79	    287.15
       612    110.71	    362.57
       613     74.47	    338.82
       614    263.93	    251.12
       615    355.92	    281.98
       616    323.89	    114.47
       617     36.80	    258.83
       618    471.49	    249.54
       619     98.94	    251.72
       620     36.31	    246.78
       621     56.08	    114.57
       622     54.38	    239.73
       623    442.87	    304.95
       624    378.61	    357.71
       625    131.96	    185.65
       626    279.24	    321.78
       627    128.18	    269.71
       628     16.78	    345.80
       629    340.00	    196.64
       630     47.02	    195.37
       631    208.64	    292.15
       632    168.85	    285.50
       633     35.22	    188.34
       634    221.98	    289.28
       635     24.22	    170.97
       636     23.18	    283.49
       637    300.69	    174.14
       638    362.22	    126.86
       639     93.50	    271.26
       640    197.61	    125.01
       641    382.34	    306.80
       642    350.24	    216.96
       643    110.28	    361.47
       644    348.80	    114.86
       645    241.47	    140.88
       646    412.69	    134.54
       647    224.37	    348.08
       648    214.74	    264.98
       649    152.07	    243.33
       650    419.40	    139.96
       651    269.95	    235.14
       652    268.09	    174.52
       653    273.47	    208.78
       654    273.49	    197.00
       655    226.38	    269.74
       656     51.78	    127.32
       657    331.46	    261.02
       658    472.18	    179.08
       659     97.52	    249.26
       660    351.07	    126.89
       661    220.66	    337.67
       662    388.32	    232.89
       663    483.51	    308.88
       664    109.39	    358.12
       665     78.36	    165.24
       666    153.52	    173.34
       667    384.86	    121.65
       668    366.15	    225.17
       669    485.28	    211.63
       670    135.63	    192.69
       671     96.20	    182.28
       672    134.13	    323.77
       673    170.59	    313.73
       674    364.89	    270.97
       675     72.88	    288.26
       676     98.98	    350.40
       677    441.12	    139.02
       678    155.74	    288.87
       679    408.62	    188.03
       680    223.89	    343.20
       681    274.59	    294.69
       682    225.19	    190.52
       683    193.31	    338.43
       684    115.89	    334.46
       685    119.84	    358.91
       686    324.83	    126.70
       687    257.85	    117.87
       688    231.18	    329.56
       689    198.23	    288.83
       690    120.62	    256.93
       691    317.38	    268.71
       692     85.69	    307.04
       693    420.58	    127.04
       694    476.63	    328.62
       695    254.65	    118.84
       696    352.16	    228.64
       697    476.09	    253.78
       698    117.75	    350.08
       699    346.33	    360.88
       700    288.40	    128.25
       701    210.36	    326.16
       702    450.66	    208.07
       703     47.72	    244.96
       704    121.25	    271.78
       705    230.29	    213.08
       706    108.81	    348.82
       707     45.05	    336.12
       708    391.75	    334.06
       709    352.19	    175.22
       710    444.25	    226.13
       711    146.97	    140.94
       712    166.66	    236.10
       713    278.97	    252.54
       714    172.34	    196.17
       715    400.84	    335.51
       716    462.61	    181.36
       717     15.89	    264.12
       718    459.47	    328.28
       719    401.48	    200.56
       720     73.96	    283.52
       721    482.92	    221.29
       722     14.43	    176.38
       723    344.01	    205.98
       724    264.99	    307.09
       725     68.92	    160.39
       726    206.53	    325.76
       727     15.21	    177.93
       728    277.36	    245.78
       729    423.01	    156.52
       730     94.90	    220.32
       731    275.77	    301.57
       732     64.88	    229.56
       733    399.76	    190.59
       734    276.11	    250.40
       735    226.01	    296.31
       736    373.24	    147.71
       737    384.83	    307.22
       738    144.66	    244.93
       739    377.56	    243.14
       740    172.18	    275.67
       741    462.55	    175.01
       742     17.42	    168.64
       743    420.21	    235.49
       744    457.00	    231.02
       745    379.15	    174.16
       746    321.92	    149.53
       747     66.93	    159.77
       748    115.34	    116.89
       749    368.79	    150.65
       750    335.45	    160.95
       751    367.23	    192.24
       752    279.63	    190.81
       753    333.26	    160.02
       754    443.06	    317.60
       755    432.84	    341.13
       756    361.29	    124.86
       757    142.58	    338.43
       758     91.81	    205.70
       759    279.62	    224.17
       760    134.41	    350.10
       761    272.80	    166.85
       762    368.35	    200.21
       763     54.62	    347.21
       764    153.19	    163.92
       765    168.85	    184.30
       766    285.48	    161.53
       767    300.18	    263.78
       768    470.36	    257.24
       769    358.91	    256.08
       770    333.31	    195.28
       771    454.17	    243.61
       772     31.95	    345.07
       773    149.07	    267.51
       774    121.04	    140.72
       775    357.21	    278.25
       776    356.58	    361.22
       777    464.08	    227.94
       778    463.97	    223.83
       779    357.89	    253.85
       780    118.32	    358.84
       781    148.35	    211.08
       782    368.67	    193.15
       783     69.75	    342.53
       784    288.05	    281.41
       785    336.29	    156.49
       786    394.31	    138.46
       787    407.46	    166.41
       788     28.84	    322.53
       789    141.62	    278.42
       790     88.68	    268.28
       791    108.46	    105.81
       792    284.43	    214.74
       793    175.37	    305.82
       794    377.78	    245.03
       795    272.29	    206.39
       796    118.08	    257.30
       797    105.05	    263.48
       798    447.12	    260.96
       799    349.37	    288.17
       800     97.15	    190.81
       801     99.74	    208.23
       802    252.96	    329.52
       803    194.68	    244.51
       804    460.97	    250.02
       805    214.65	    129.58
       806    347.04	    343.58
       807    438.63	    169.00
       808    342.03	    253.81
       809     57.76	    330.42
       810    113.99	    274.83
       811    344.00	    205.40
       812    487.52	    334.89
       813     94.02	    137.33
       814    305.38	    128.73
       815    275.04	    245.97
       816    332.36	    146.09
       817    242.55	    233.23
       818    376.89	    314.42
       819    324.97	    249.27
       820     55.12	    166.96
       821    395.82	    134.71
       822    154.54	    124.60
       823    455.37	    135.06
       824    317.81	    189.27
       825    376.08	    316.34
       826    112.87	    347.17
       827    324.79	    233.25
       828     53.13	    204.42
       829    144.93	    348.96
       830     93.32	    272.58
       831    309.20	    121.48
       832    331.96	    157.26
       833    106.08	    250.68
       834    154.58	    343.03
       835    378.13	    221.93
       836    316.58	    247.05
       837    290.57	    247.69
       838    140.00	    313.07
       839    374.82	    182.71
       840     67.07	    232.17
       841    276.85	    244.41
       842    171.41	    314.69
       843    167.51	    128.47
       844    173.43	    272.41
       845    226.19	    133.69
       846    458.13	    346.88
       847    321.53	    336.92
       848     36.38	     25.46
       849    380.25	    225.66
       850     16.81	    299.08
       851    125.29	    129.15
       852    413.11	    182.09
       853    116.34	    348.40
       854    467.07	    178.03
       855     92.56	    188.73
       856    480.58	    186.17
       857    228.11	    127.67
       858    316.44	    245.28
       859    182.13	    230.22
       860    190.77	    231.91
       861     95.42	    105.11
       862    326.95	    150.81
       863     15.57	    193.09
       864     95.11	    160.09
       865    406.21	    183.96
       866    103.05	     99.63
       867    180.89	    142.03
       868    196.02	    129.57
       869    129.76	    118.35
       870     23.16	    109.34
       871    313.82	    210.89
       872    322.45	    198.07
       873    343.54	    147.73
       874    150.62	    169.91
       875    118.50	    308.20
       876    435.70	    246.87
       877    153.81	    163.86
       878    360.14	    280.43
       879     26.27	    202.36
       880    173.09	    233.53
       881     98.76	    136.07
       882    386.58	    245.53
       883    107.27	    262.45
       884    381.47	    350.14
       885    375.66	    179.55
       886    281.55	    121.80
       887    246.08	    304.25
       888     52.98	    100.50
       889    107.70	    329.08
       890    299.82	    266.49
       891     16.81	    288.94
       892    151.35	    342.68
       893    125.07	    316.23
       894    163.01	    310.02
       895    477.82	    301.58
       896    313.83	    188.05
       897    113.80	    273.39
       898    439.75	    334.02
       899    290.83	    134.37
       900    325.11	    151.66
       901    477.50	    313.49
       902    169.54	    275.88
       903    176.11	    272.11
       904    273.74	    170.15
       905    246.64	    120.25
       906    269.31	    221.67
       907     51.79	    193.55
       908    276.08	    350.96
       909    190.33	    229.39
       910    368.52	    333.52
       911    290.39	    210.62
       912    191.29	    242.49
       913    110.43	    264.71
       914    307.36	    126.27
       915    436.00	    170.08
       916    475.79	    341.04
       917    393.40	    141.28
       918    469.30	    131.08
       919    467.44	    154.48
       920    461.37	    236.01
       921    185.06	    117.84
       922    425.46	    140.97
       923    411.05	    204.25
       924    193.52	    325.19
       925    212.48	    182.13
       926    378.46	    240.90
       927     42.83	     41.91
       928    163.12	    268.77
       929    179.10	    146.64
       930    374.38	    309.65
       931    417.38	    344.48
       932    319.24	    282.56
       933    343.50	    244.08
       934    164.48	    122.66
       935    368.90	    226.95
       936    405.70	    271.84
       937    317.25	    124.95
       938     35.29	    260.38
       939    193.22	    186.63
       940    153.99	    186.83
       941    335.73	    218.46
       942    371.76	    130.80
       943    190.35	    271.89
       944    193.41	    326.75
       945    145.31	    138.89
       946     36.11	    302.07
       947    484.84	    314.98
       948    250.40	    331.06
       949    196.89	    266.89
       950    385.18	    206.67
       951    146.84	    114.12
       952    223.11	    224.39
       953    200.30	    133.72
       954     35.58	    190.12
       955    274.74	    172.72
       956    139.63	    149.19
       957    386.69	    163.75
       958    429.78	    188.52
       959    293.19	    132.58
       960     15.09	    179.59
       961    256.83	    290.93
       962     29.77	    197.25
       963     46.14	    234.18
       964     37.70	    173.76
       965    113.20	    317.13
       966    351.60	    189.61
       967    340.12	    334.71
       968     79.57	    136.01
       969    248.36	    184.13
       970    108.20	    325.86
       971    404.60	    247.30
       972     57.72	    134.40
       973    187.95	    269.48
       974    165.58	    184.39
       975     47.63	    179.20
       976    205.24	    121.48
       977    121.91	    199.36
       978    152.26	    133.01
       979     49.25	    162.60
       980    365.34	    171.43
       981    443.42	    312.68
       982    383.47	    264.45
       983     33.51	    190.37
       984    286.33	    272.69
       985    261.43	    251.91
       986    344.47	    251.78
       987    319.70	    355.07
       988    308.03	    235.87
       989    346.05	    215.81
       990    152.27	    249.66
       991    285.75	    179.06
       992    394.97	    334.00
       993    287.51	    281.66
       994     48.12	    134.01
       995    365.62	    219.07
       996    233.07	    322.73
       997     61.55	    253.66
       998     30.88	    316.98
       999    183.23	    314.22
      1000    222.92	    352.93
      1001     56.21	    334.11
      1002    148.62	    320.25
      1003    224.96	    117.11
      1004    416.22	    363.14
      1005    342.88	    180.16
      1006    247.84	    310.70
      1007     68.83	    103.17
      1008    262.65	    187.64
      1009    215.00	    118.68
      1010    158.94	    236.80
      1011     65.91	    295.17
      1012    292.29	    167.92
      1013     85.29	    142.07
      1014     67.53	    125.02
      1015    208.46	    132.58
      1016    382.26	    353.03
      1017     76.06	    137.56
      1018     44.91	    326.83
      1019     98.30	    107.81
      1020    240.35	    120.37
      1021    237.39	    309.22
      1022    332.15	    214.06
      1023    289.27	    138.44
      1024    360.61	    131.54
      1025     41.69	    166.75
      1026    470.84	    130.89
      1027    169.07	    236.27
      1028    208.00	    117.23
      1029    321.80	    188.47
      1030     72.97	    138.21
      1031    445.75	    213.27
      1032    215.21	    164.95
      1033    155.58	    346.92
      1034    337.96	    348.69
      1035    349.16	    133.45
      1036    430.41	    179.66
      1037    415.05	    309.17
      1038     34.66	    248.77
      1039    308.58	    120.13
      1040    133.52	    318.22
      1041    391.95	    332.37
      1042    153.32	    201.25
      1043    329.09	    226.36
      1044    432.15	    233.58
      1045    380.62	    337.99
      1046    159.70	    187.46
      1047     61.90	    162.60
      1048    358.49	    131.80
      1049    155.91	    244.95
      1050    433.65	    260.73
      1051    418.12	    312.47
      1052    420.37	    171.41
      1053    446.87	    333.22
      1054    323.95	    286.29
      1055    434.53	    118.46
      1056    208.81	    257.77
      1057    130.66	    257.25
      1058    242.01	    225.37
      1059    111.55	    211.83
      1060    164.08	    101.10
      1061    220.92	    158.52
